-2.0 12 21
2.0 13 79
0.0 16 29 35 40 95
-2.5 8 41 48 84 93
2.5 20 90 98
-3.0 1 82
3.0 19 44 47 60 72 96
-3.5 0 26
3.5 34 37 55
-4.0 23
4.0 38
4.5 22 57
-4.5 53
-5.0 2 70
5.0 11
5.5 69
-5.5 77
6.0 65 71
-6.0 99
7.0 33 88 97
-8.0 24
-8.5 61
-9.0 46 52
-10.0 17 59
-12.0 14
13.0 87
13.5 10
14.5 94
-16.0 89
-17.5 28
17.5 76
-22.5 9
-24.0 78
-25.5 27 83
-26.0 68
31.5 32 51
-33.5 67
-34.0 42
-43.0 73
-44.5 63
47.5 85
49.5 4
53.0 7
-52.0 45
55.0 75
70.5 50
0.5 6 30 43 58 62 74 81 91
1.0 5
-1.0 25 31 36 39 49 64 66 92
1.5 3
-1.5 15 18 54 56 80 86
