2.0 13 57 97
0.0 16 35 39 40 71 78 81
-2.0 41 46
2.5 4 49 90 98
-2.5 8 12 21
-3.0 36 45 48
3.0 44 72 91
-3.5 0 25 61
3.5 34 47
-4.0 23 53 70 80
4.0 69 96
4.5 15 22
-4.5 26
-5.0 14 43 77
5.0 38 51
-5.5 5 11 82 87
-6.0 6 88
-6.5 2
6.5 30
7.0 55 79
7.5 33
-8.0 52
8.0 84
-8.5 58
-9.0 62
-9.5 59
-10.0 19
10.0 65
-12.0 56
12.5 42
-13.0 66
14.0 32
-16.5 83
17.0 85
22.5 28
22.0 95
-24.5 68
-29.0 9 24
-29.5 73
-31.0 76
-33.0 17
-32.0 89
36.5 99
-38.0 27
-52.5 67
54.5 75
58.5 50
60.5 10
73.0 7
-74.5 63
0.5 1 37 60 64 74 86
-0.5 29 31 93
1.0 3
-1.0 92
-1.5 18 54 94
1.5 20
