-2.0 8 12 21 72 80
2.0 13 56 90
0.0 16 30 35 40
-2.5 1 41 48 60
2.5 19 58 98
-3.0 2 79
3.0 37 38 44 47
-3.5 0
3.5 5 20 34
4.0 3 71
-4.0 23 95
4.5 22
-4.5 53 86
-5.0 36 77 93
5.0 57
-5.5 64 65
6.0 55 66
-6.0 82
6.5 11
-6.5 70
7.0 87
-7.5 26 61
-8.5 24 52
9.0 88
-9.5 46
10.0 33
-10.5 76
10.5 97
-12.0 14
-13.0 17
-15.0 28
15.0 94
-15.5 78
-18.0 59
-19.0 89
-23.0 9
25.5 10
-26.5 83
-27.5 27
-29.5 42
31.5 32
-32.0 68
40.0 51
-40.5 67
-41.0 73
47.0 85
50.0 4
50.5 75
55.0 7
-54.5 63
-62.5 45
67.5 50
-0.5 29 31
0.5 39 43 49 62 74
1.0 6 25 81
-1.0 15 84 92 99
-1.5 18 54 91 96
1.5 69
