-2.0 8 21 93
2.0 13 49 79 94
0.0 16 29 35 40 74 96
-2.5 12 41 70 87
2.5 20 33 86 90 91 98
3.0 4 44
-3.0 48 65
-3.5 0 45
3.5 3 15 34 47
-4.0 6 23 80
4.0 69
-4.5 2 25 53 61 88
4.5 22 38 72
-5.0 36 56 60 78
5.0 51
-5.5 43 52 77
6.0 30
-6.5 82
-7.0 71
7.0 84
-7.5 5
7.5 55
-8.5 19
-9.0 11
10.0 97
-11.0 83
-13.0 66
13.5 42
-13.5 62
14.0 32
-15.5 59
17.5 28
-19.0 76
22.5 85
22.0 95
-23.5 17
-25.5 24
-28.0 9
-28.5 68
-29.0 73
32.0 99
-35.0 89
-39.0 27
-41.0 67
54.0 10 50
54.5 75
70.0 7
-81.5 63
0.5 1 37 64
-0.5 26
1.0 14
-1.0 31 46 81 92
-1.5 18 54 58
1.5 39 57
