-32.0 9
-2.0 12 41 52 54 65 87
2.0 13 15 39 90
0.0 16 26 35 40 74
-35.0 68 89
-2.5 8 21 94
-40.5 27
2.5 58 98
-3.0 2 36 45 48 86 97
3.0 14 47
55.0 75
-3.5 0
3.5 3 20 34 44
57.5 10
56.0 50
-62.0 63
-4.0 33 80 96
4.0 38 69
72.5 7
4.5 22 55
-4.5 23 53 93
5.0 4 30
-5.0 25 67 77 82
-5.5 6 43
-6.0 61
6.0 84
-6.5 19
-7.0 71
0.5 1 37 56 64
-0.5 29 31 46 79
-8.5 5
9.0 49
-9.5 11 60 76 78 83
10.0 51
11.5 42
-12.0 66
12.0 85
14.0 28
16.0 32
1.0 57 72 91
-1.0 70 92
-19.0 24 59
-20.0 17
20.5 95
-22.5 62
-1.5 18 81 88
27.0 99
-28.5 73
