-2.0 8 12 21 41 54 81 87 97
2.0 13 26 88
0.0 14 16 29 35 40
2.5 90 98
3.0 38 47
-3.0 45 48
-3.5 0
3.5 34 44
-4.0 2 19 72 80
4.0 63 69 84
4.5 22
-4.5 23 25 53
-5.0 6 67
5.0 20
-5.5 43 77
-6.0 71
-6.5 11 93
-7.0 96
-7.5 61
-9.0 5
9.0 42
-9.5 17 76
-10.0 33
10.0 51
-10.5 24
10.5 65
-11.0 60 66
12.0 49
14.5 32
-15.0 78
20.0 99
21.0 95
23.0 28
-24.5 59
-25.5 62
-30.5 89
-32.0 9
-33.0 73
-41.0 68
-42.5 27
53.5 75
57.5 50
58.5 10
83.5 7
0.5 1 15 30 37 52 64 70 74 83 94
-0.5 36 46 58
1.0 3 4 55 56 57 86
-1.0 31 82 85 91 92
-1.5 18
1.5 39 79
