0.0 3 16 35 39 40 56 97
-2.0 11 19
2.0 13 38 70
-2.5 8 12 21 41 81 92
2.5 26 84 90
3.0 44 47 98
-3.0 48 91
-3.5 0 25 45 55
3.5 34 65 79 82
-4.0 33 80 85
4.0 69
4.5 22 51
-4.5 23 53 72
-5.0 43 67
5.0 88
-5.5 17 77
5.5 20
-6.0 6 14
-6.5 2
6.5 4
-7.5 24 58 71 76 93 94
-8.0 5 96
8.0 32 83
8.5 42
-8.5 60 61
-9.0 66 78
9.0 86
10.0 63
18.0 49
19.0 99
22.5 95
-24.5 59
-30.5 62
-31.0 9
31.5 28
-32.5 89
-38.0 73
-43.0 27
-44.0 68
55.0 75
60.0 10
62.5 50
83.5 7
0.5 1 37 57 64 74
-0.5 15 29 31 46
-1.0 30 54
1.0 52
-1.5 18 87
1.5 36
