0.0 4 16 35 37 40 74
2.0 11 13 79
-2.0 12 21 25 39 41 54
-2.5 8 17 51 81
2.5 90
3.0 36 44 98
-3.0 45 48 60
-3.5 0
3.5 34 47 56 69 70 92
-4.0 23 43 78 80
4.0 26
4.5 22
-4.5 53 77 87 91
-5.0 55 67
5.5 20
-5.5 65
6.0 82
-6.0 96
-6.5 5
-7.0 2 6 93
7.0 32 83
-7.5 24 66
8.0 88
-8.5 94
-9.0 61
-10.0 71
-10.5 58
-11.5 14
11.5 63
12.0 42
-15.0 76
17.0 99
19.5 49
21.0 86
-23.0 9
-28.0 59
29.5 95
-31.0 62
-33.5 27
32.0 28
-43.0 68
-42.0 89
-44.5 73
54.5 75
57.0 10
61.5 50
84.0 7
0.5 1 19 57 64 84 85
-0.5 29 30 72
-1.0 31 46 52
1.0 33 38 97
-1.5 3 15 18
