2.0 13 19
0.0 16 25 35 40
-2.0 17 21 27 46 77 96
-2.5 3 8 12 81
2.5 90
-3.0 0 39 48
3.0 11 44 60 98
3.5 34 36 47
-3.5 43 45 92
-4.0 5 80
4.0 26 69 72
4.5 22 70
-4.5 23 52 53 85
-5.0 2 67 91
5.0 20
-5.5 6 66 93
5.5 65
-6.0 55 58
6.0 56
6.5 4 82
-6.5 94
-7.0 24 51
-7.5 78
9.0 32
-9.0 61
-9.5 71
9.5 88
-12.5 14
13.5 42
-14.0 76
15.5 63
17.0 49
-21.5 9
22.5 99
26.5 95
-27.0 59
27.0 86
35.5 28
-34.5 62
-42.5 89
-47.0 68
-49.0 73
51.5 10
57.0 75
62.0 50
81.5 7
0.5 1 37 38 41 57 64 74 79
-0.5 29 30 87
-1.0 31 84
-1.5 15 18 33 54
1.5 83 97
