-2.0 8 12 54 83
2.0 13
0.0 16 35 40 97
-35.0 62
-38.5 73
-2.5 21 43 79 81 84
2.5 24 27 36 96
-42.0 89
45.5 28
47.0 10
3.0 19 41 44 56 98
-3.0 45 46 48 66
-51.5 68
-3.5 0 2 39 93
3.5 34 47 82
63.0 50 75
-4.0 3 23 80
4.0 20 26 69 72
4.5 22
-4.5 53 91
77.0 7
5.0 32 70
-5.0 67
5.5 92
-6.0 51
6.5 60
-7.0 6
-7.5 33 52
0.5 1 11 37 38 64 74
-0.5 29 30 85
-8.5 14 61
9.5 65 88
-10.0 55
11.0 49
-11.5 94
12.0 42
-13.0 76
-15.5 71
1.0 4 17 57 58 90
-1.0 5 15 31 77
-17.0 59 78
17.0 63
22.5 86 99
-24.0 9
-1.5 18 87
1.5 25
27.5 95
