-2.0 12 54 85 97
2.0 13
0.0 16 35 40 72 77
-2.5 8 21 81
2.5 20 41 58
-3.0 0 14 39 48 91
3.0 19 25 44 47 98
-3.5 2 45 65
3.5 34
-4.0 11 23 80 84
4.0 32 69
-4.5 6 46 53
4.5 22 79
-5.0 3 67 92
5.0 4 83
5.5 70 96
6.5 49
7.0 60
7.5 24
-7.5 33 61
8.0 88
-8.5 78
-9.0 52
10.0 27
-10.5 55
12.0 63
-12.5 76
-13.0 94
-13.5 59
-15.5 71
-17.0 9
19.5 42
22.5 86
23.0 95
26.0 99
-34.0 68
-36.0 89
-43.0 62
-43.5 73
45.5 10
50.5 28
60.5 75
62.5 50
73.0 7
0.5 1 26 36 37 64 74
-0.5 15 17 29 30 31 51 82
1.0 56 57 90
1.5 5 38
-1.5 18 43 66 87 93
