-2.0 12 21 36 81
2.0 13 19
0.0 16 35 40 74 93
-2.5 8
2.5 38 41
3.0 4 44 47 98
-3.0 45 48 58 85
-3.5 0 97
3.5 25 34
4.0 5 24 60 69 79
-4.0 80
4.5 22 27
-4.5 23 53 72 82 84
5.0 32 70
-5.0 67 87
-5.5 2 3 17 46
5.5 88
-6.0 61
6.0 83 92
6.5 51
-7.0 59
7.0 96
-7.5 68
-8.0 11 52
-8.5 33 94
-9.0 6
-9.5 56 78
10.0 49
11.5 63
-14.0 76
-15.5 55
-17.0 71
-20.0 9
20.5 95
21.0 86
22.0 42
26.0 99
-34.0 89
44.0 10
-45.0 73
-47.5 62
52.5 28
52.0 75
60.5 50
63.5 7
0.5 1 37 64 66 77
-0.5 29 30 43
1.0 15 90
-1.0 26 31 39 65 91
-1.5 14 18 54
1.5 20 57
