-2.0 12 60
2.0 13 57 66
0.0 16 35 37 40 43
-2.5 8 21
2.5 15 41 88 98
3.0 4
-3.0 45 48
-3.5 0
3.5 14 34 38 44 47 69
-4.0 23 36 72 80
4.0 24 25
4.5 22 70
-4.5 53 61 84
5.0 27 83
-5.0 52 59 67 92 97
-5.5 3
5.5 96
-6.5 82
-7.0 2 46
7.0 32
-7.5 68
8.0 49
-8.5 76
-9.5 11 58 94
-10.5 17
10.5 51 65
-11.0 78
11.5 79
-12.0 56
-12.5 71 87
-13.0 6
-14.5 33
16.0 86
16.5 95
18.5 42
21.0 63
22.5 99
-23.5 9
-23.0 55
-34.0 89
-42.5 73
45.5 10
-53.5 62
57.0 28 75
58.5 7
61.5 50
0.5 1 19 39 64 74 85 93
-0.5 29 30 31
1.0 5 20 90 91
-1.0 81
-1.5 18 26 54
1.5 77
