-2.0 8 12 21 80
2.0 13 37 39 69 81 86
0.0 16 35 40
-2.5 1 41 58 64
2.5 25 90
3.0 44 47 65 98
-3.0 48
-3.5 0 2 91
3.5 34 97
-4.0 23 26 53
4.5 22
5.0 11 20 57
-5.0 72
5.5 5 56
-5.5 77 96
6.0 3
-6.0 52 61
-6.5 82 93
-7.5 14 70
7.5 55
-8.0 36 60
-8.5 79
8.5 99
9.0 33
-9.5 46
9.5 88
-10.5 24
-12.5 76
12.5 94
-14.0 78
-15.5 17 95
-19.0 9
-20.5 89
-21.0 28
25.5 10
-25.5 42 59
-27.0 27 83
27.0 32
-37.0 68
-38.5 73
44.5 51
-47.0 67
47.0 85
48.5 75
55.0 4
-57.5 63
58.5 7
-61.0 45
69.5 50
-0.5 15
0.5 30 43 62 74 84
1.0 6 66
-1.0 29 31 92
-1.5 18 49 54 71
1.5 19 38 87
