2.0 13 39 41 65 77 96
0.0 16 35 40 74 93
-2.0 26
-2.5 8 12 21
2.5 57 91 98
3.0 44 66 83
-3.0 45 48 56 61
-3.5 0 5
3.5 25 34 47 69
4.0 15 70
-4.0 53 80 84
4.5 22 32 38 49
-4.5 23 85
-5.0 3 67 97
5.0 4
-5.5 24 36 82
5.5 27 92
-6.0 2
-7.5 11 60
-8.0 46
8.5 14
9.0 51
-9.5 58 68
-10.0 59 76 78
-10.5 87
13.0 42
-13.5 17
13.5 79
-14.0 94
-17.5 33
17.0 86 95
-18.0 55
-19.0 9
20.0 63
20.5 99
-21.5 6
-24.0 71
-35.5 73
-35.0 89
47.0 10
55.5 7
61.0 28
-60.5 62
67.0 50
65.0 75
0.5 1 37 43 64 72
-0.5 29 30 81
-1.0 31 88
1.0 90
-1.5 18 19 52 54
1.5 20
