-2.0 8 21 61 82 93
2.0 13 25 32 39
0.0 16 35 37 40 81
-2.5 12 96
2.5 20 41 70 77 98
3.0 15 44 51 57 91
-3.0 48
-3.5 0 3 5 11 19 45 58 84 92
3.5 34 47 66
-4.0 2 4 23 24 80 88 97
4.0 22 27 69
-4.5 53
4.5 72
5.0 38
-5.0 67
5.5 26 49
-5.5 65
-6.0 36 87
7.5 42
8.0 79
-9.0 46
9.5 14
-10.5 60
-12.0 59
-13.0 56
-14.0 76
-14.5 17 68
-16.5 55 94
17.5 86
-20.0 33
-22.0 6
-23.5 71
-23.0 78
23.5 95
-24.0 9
25.0 99
27.0 63
-29.5 73
-38.0 89
42.0 10
59.5 7
64.0 28
66.5 50
-69.5 62
68.5 75
0.5 1 43 52 64 74 85
-0.5 29 30 31 83
1.0 90
-1.5 18 54
