-2.0 3 12 21 84 97
2.0 13 58
0.0 16 32 35 40
-2.5 8 15
2.5 41 42
-3.0 2 24 27 45 48 85
3.0 66 77 87 91 98
-3.5 0 5 83
3.5 20 26 34 44 47 57 69 72 92
-4.0 51 80 93
4.5 22 38
-4.5 23 53
-5.0 36 67
6.0 14
-6.0 19 82 88 96
7.0 65
-8.5 4 17
8.5 79
-9.5 46
9.5 49
-10.0 60
-11.5 33
-13.0 71 76
-13.5 59
-15.0 94
15.5 86
-17.5 55
-17.0 68
18.0 99
-20.0 6
-22.0 73
22.5 75
-22.5 78
-23.5 56
-26.0 9
28.5 95
31.5 63
40.0 10
47.5 7
-49.5 89
62.0 50
65.0 28
-68.0 62
0.5 1 25 37 43 52 64 90
-0.5 29 30 31
1.0 11 39 81
-1.0 18 61
-1.5 54
1.5 70 74
