-2.0 8 12 21 27 85
2.0 13
0.0 14 15 16 35 40 70 97
36.0 10
2.5 41 66
43.5 7
3.0 11 77 98
-3.0 17 48
-50.0 89
-3.5 5 26 36 45 75
3.5 34 44 47 87
-60.5 62
66.5 28
4.0 38 57 69
-4.0 80
71.5 50
4.5 22
-4.5 23 42 53
-5.0 2 67
5.0 20 74
-6.0 60 93
-6.5 88
-7.0 82
-7.5 51
-8.0 19 59 96
-0.5 29 30 32 84
0.5 37 43 64 90
8.0 49
8.5 65
-8.5 73
-9.5 46 78
-11.0 71
-13.5 6
-14.5 33 55
1.0 1 4 58
-1.0 3 25 31 39 61
-16.5 68
-16.0 94
17.5 86
-18.5 76
-18.0 83
18.5 99
1.5 0 79 81 91
-24.0 9
-1.5 18 24 52 54 72 92
-27.5 56
28.0 63
31.0 95
