-2.0 8 70
2.0 13 15 81
0.0 16 27 32 35 40 43 73
2.5 4 41 98
-2.5 12 14 21 39 59
-3.0 25
3.0 38 47 77 87
-3.5 5 45
3.5 34 44 69
-4.0 23 80
4.5 22 57
-4.5 53 65
-5.0 52 67 72 82
5.5 0 20
-5.5 26 51 88
-6.0 58
-6.5 2
-7.0 93 96
7.5 74
-7.5 78
-8.0 48
-8.5 42
8.5 49
-9.0 46
-9.5 19
-14.0 55
-14.5 6
-15.0 68
-15.5 33
-19.5 94
-21.5 76
21.0 86
-22.0 83
-27.5 9
-29.5 56
31.0 95
31.5 99
35.5 63
37.5 10
42.5 7
-47.5 89
-58.0 62
64.0 28
73.5 50
0.5 1 3 17 37 64 90
-0.5 29 30 60 71 85 91
-1.0 24 31 36
1.0 75 84 97
1.5 11 66 79 92
-1.5 18 54 61
