-2.0 8 12 21 54 61 78 82
0.0 16 35 37 65
2.0 32 38 79 81
-2.5 11 91
2.5 87 98
3.0 41 44 77 84
3.5 34 47 69
-3.5 39 45 70 72 88 96
-4.0 4 5 25 80 85
4.0 71
4.5 22 27 57
-4.5 23 53
5.0 60
-5.0 67
5.5 20
-5.5 59
6.0 0
-6.5 2
-7.0 93
7.5 49
-8.0 52
-8.5 46
10.0 74
-10.5 19 58
-11.5 83
-12.0 48
-14.5 68
-16.0 94
-17.5 6
-17.0 42
-19.0 55
19.5 86
-21.5 33
-24.5 56
-26.0 76
-28.0 9
31.0 95
38.0 99
41.0 10
42.0 63
-45.5 89
47.5 7
-47.0 62
60.5 28
80.5 50
-0.5 14 29 30 40 43
0.5 24 64 66 73 75 90
1.0 1 3 15 17 51 92 97
-1.0 26 31
1.5 13 36
-1.5 18
