-2.0 4 8 21
2.0 13 72
0.0 16 35 73 88 89 92 97
36.0 95 99
41.0 10
-2.5 12 40 41
2.5 77 81 98
42.0 63
3.0 36 44 47
-3.0 45
50.0 28
-51.0 62
-3.5 5 15 61
3.5 34
59.5 7
4.0 69
-4.0 80 91
-4.5 2 23 49 53 59 75
4.5 22 78
5.0 20 32 57 84
-5.0 25 67 70 93
5.5 14 71
89.0 50
6.0 74
-7.0 11
7.5 51 60 79
0.5 17 37 64 85
-0.5 24 27 29 30 39
-8.0 46 58
-9.0 52
9.5 26
10.0 0
-10.0 83
-10.5 19 68
11.0 65
-12.0 48 94
1.0 1 3 38 90
-1.0 31 87
-17.5 42
-18.5 55
-20.5 6
22.0 86
-1.5 18 43 54 66
-24.5 33
1.5 82 96
-25.5 76
-26.5 9 56
