-2.0 12 21 54 97
2.0 13 77 81
0.0 35 39 59 73
-2.5 8 40 43
-3.0 2 45 92
3.0 44 88 96 98
-3.5 5 66
3.5 34 36 47
-4.0 4 15 80 85 89
4.0 20 69 82
4.5 22
-4.5 23 49 53
-5.0 25 61 67 91 93
5.0 57 72
-5.5 27
5.5 71
-6.0 24
6.0 60
-6.5 41 46 70
6.5 84
7.5 32
-7.5 52 75
8.0 0
9.0 78
-9.5 11 19 55 68
9.5 14
11.0 26 51
-11.0 48
12.0 79
-15.5 94
-17.0 42
-18.0 83
19.0 74
-21.0 76
-22.5 6
-27.0 33
-27.5 56
27.5 86
-29.0 9
32.5 99
35.5 95
43.0 10
42.0 63
47.5 28
-51.0 62
64.5 7
88.0 50
0.5 1 3 37 38 64 90
-0.5 29 30
1.0 16 65 87
-1.0 31 58
-1.5 17 18
