-2.0 8 12 54
0.0 35 39
2.0 81
2.5 20 36 58 72 98
-2.5 21 40
-3.0 4 43 45 68
3.0 44 96
-3.5 5
3.5 34 47 69
-4.0 2 23 25 80 97
4.5 22 57
-4.5 49 52 53 91
-5.0 65 67 75 89
-5.5 46 66
5.5 59 82 88
-6.5 61
-7.0 27 93
-7.5 70
7.5 84
-8.0 15 19 55
8.0 51
8.5 0
-8.5 11
-9.0 6
9.0 14 32 78
-10.0 48
-11.5 17 24
12.0 26
14.5 79
-16.0 42 94
-18.0 83
-19.5 76
23.5 74
-24.0 33
24.0 86
-27.0 56
27.0 99
-31.5 9
34.5 63
37.0 10
40.5 95
47.5 28
-48.0 62
71.0 7
81.5 50
0.5 1 37 38 64 73
-0.5 29 30 31 41
-1.0 3 85 87 92
1.0 16 77 90
1.5 13 60 71
-1.5 18
