-2.0 3 8 12 54
2.0 13
0.0 35 37 39 75 77
-2.5 21 40 72
-3.0 25
3.0 44 96 98
-3.5 5 45 91
3.5 34 47
4.0 14 69
-4.0 15 43 46 80
4.5 4 22 57 78
-4.5 23 49 53 60
-5.0 11 67 97
-5.5 19 93
5.5 82
-6.0 2
6.0 68 79
6.5 41
-7.0 17
-7.5 61 66
-8.0 27
8.0 65
-8.5 70
8.5 84
9.0 32 71
-9.0 48 89
-9.5 55
9.5 88
-10.0 6
10.0 59
11.0 0
14.0 26
-14.5 83
-15.5 76
-17.0 94
-19.5 24
19.0 99
-23.5 9
25.5 74
-28.5 56
28.5 86
-29.5 33
-30.0 42
38.0 10
38.5 63
41.5 95
46.5 28
-48.0 62
63.5 7
81.0 50
0.5 1 29 64 73 90 92
-0.5 30 31
1.0 16 36 38
-1.0 18 52 58
1.5 20 51 81 87
-1.5 85
