-2.0 12 41
0.0 16 35 37 40 43
2.0 39 81
-2.5 8 21 52
2.5 11 84 90 98
-3.0 1 26 28 48 72 86
3.0 56 71
-3.5 0 87
3.5 25 34 44 47
-4.0 53 66 82
4.5 22 33 57
-4.5 23 61 91
-5.0 77
5.5 20
-5.5 79 97
-6.0 2
6.5 49
7.0 5 55 64 69
7.5 3
-7.5 93 96
-8.5 70
-9.0 36 58
9.0 88
-9.5 46
10.5 65 94
-11.0 60
-13.0 9 95
-16.0 24
-17.5 78
-18.5 76
18.5 99
-19.5 42
-22.0 89
-23.5 59
24.0 10
-25.5 17
-25.0 83
26.5 32
-29.5 27
-32.5 73
-36.0 68
-46.0 67
46.5 75
48.0 51
48.5 85
51.0 4
54.0 7
-55.5 63
-64.5 45
65.5 50
0.5 6 74
-0.5 19 29 31
-1.0 14 92
1.0 15 30 38 62
1.5 13
-1.5 18 54 80
