0.0 11 35 39
-2.0 12 21 40 54 78
2.0 13 38
-2.5 8
2.5 98
-3.0 45 46
3.0 47 96
-3.5 3 19 29
3.5 34 44 82
-4.0 5 80
4.0 57 69
4.5 22
-4.5 23 43 49 53
-5.0 51 67 72 76 85 97
-5.5 17
5.5 68
6.0 65
6.5 4
-6.5 15
-7.0 2
7.0 87 88
7.5 32
-7.5 48
-8.0 58
-8.5 61
8.5 84
-9.0 60 70
-9.5 66 89
-10.5 6
10.5 41
-11.5 27
12.0 59
12.5 79
-13.0 83 93
-14.0 55
16.0 71
17.5 0
-21.0 33
-23.0 9
-24.5 24
-24.0 94
24.5 99
-27.5 56
30.0 74
-32.5 42
32.0 86
39.0 10
41.0 28
42.0 63
-47.0 62
47.5 95
56.0 7
78.0 50
0.5 1 37 64 73 90 92
-0.5 30 77
-1.0 14 25 31
1.0 16 20 52 81
-1.5 18 36 91
1.5 26 75
