-2.0 12 21 46 54 72
2.0 13
0.0 35 39
-2.5 8 14 40 75
2.5 11
3.0 38 44 96 98
-3.0 45 76
-3.5 5 97
3.5 34 47
-4.0 36 53 80
4.0 57 69 87
4.5 22
-4.5 23 49
-5.0 3 43 67 85 89
-5.5 2
5.5 32
-6.0 17 48
7.5 4 65
-7.5 51 78
-8.0 27
8.0 41 71
-8.5 29
8.5 84
-9.0 61 70
10.0 59
-10.5 58
-11.0 60 66
12.0 68 88
-12.5 15
13.5 79
-13.5 83
-14.5 55
-15.5 93
-16.5 6
19.0 99
-20.5 33 94
22.0 0
-22.5 9
-22.0 56
-23.0 24
-29.0 42
32.0 28 74
33.0 86
35.0 10
42.0 63
-45.0 62
57.5 7
56.0 95
87.0 50
0.5 25 37 52 64 73 81 82 91
-0.5 30 92
1.0 1 16 90
-1.0 19 31
-1.5 18 26 77
1.5 20
