-2.0 8 12 21 52 77
2.0 13 25 91
0.0 35 39
2.5 11 20 32 98
-2.5 40 82 92
3.0 44 47 72 96
-3.5 2 5 45
3.5 4 34 57
4.0 22 38 69
-4.0 23 80
-4.5 48 49 51 53 85
5.0 59
-5.0 67
-5.5 3 29 36 43 58
-6.0 89 93
-7.0 75
-7.5 26
7.5 79
-8.0 9
8.0 84
8.5 27
-8.5 70
-9.0 60 61
-9.5 78
-12.0 66
-13.0 15
14.0 68
14.5 99
-16.0 56
-17.0 6
17.0 88
18.5 65
-19.5 55
-20.5 83
-21.5 94
-22.0 24
-25.5 42
26.0 0 10
27.0 28
-29.0 33
35.5 74
34.0 86
-46.0 62
46.5 63
50.0 50
58.5 95
65.5 7
0.5 1 37 64 73 76 87
-0.5 30 81
1.0 14 16 19 90
-1.0 31 46
-1.5 17 18 54 97
1.5 41 71
