-2.0 8 12 54 58
2.0 13 25
0.0 29 35 39 97
2.5 19 51
-2.5 21 40 87
3.0 44 47 57 71 91 96 98
-3.0 48 77
-3.5 5 45
3.5 20 34
-4.0 2 23 60 80
4.0 69
4.5 22 38
-4.5 49 53 92
-5.0 41 67 85
5.0 50 72 99
-5.5 3 43 52 82
-6.0 17 36
6.0 76
-6.5 75
6.5 84
7.0 14
-7.0 78
7.5 4
-8.0 70
8.0 79
-8.5 61
-9.5 26
-10.0 15
-11.5 89
-12.5 6
-13.0 66
13.5 68
15.5 27
-15.5 56
-16.0 9
-18.0 83
21.0 88
-22.0 55
22.5 65
-22.5 94
-25.5 42
-26.5 24
26.0 28
28.0 10
-28.0 33
32.0 74
35.5 0 86
-47.5 62
47.0 63
63.5 95
67.5 7
-0.5 30 31 46 59
0.5 32 37 64 73 90
1.0 1 16
-1.0 11 81
-1.5 18
1.5 93
