-2.0 8 12
2.0 13 60
0.0 35 39
-2.5 21 40
2.5 57
3.0 19 47 91 96 98
-3.0 45
-3.5 5 77
3.5 34 44 69
-4.0 58 80 89
4.0 71
4.5 20 22 38
-4.5 23 49 53 59
-5.0 2 3 67 85 87
5.0 84
-5.5 36 43
-6.0 11
6.0 76
-6.5 92
6.5 93
-7.0 15 61 70 82
7.0 99
-7.5 41
-8.0 17 52
8.5 51
9.0 4 50
-9.5 6
10.0 14
10.5 25 79
-13.0 66
13.5 68
-14.5 56
-15.0 26
-16.5 42
16.5 88
-20.0 55
-21.5 9
21.0 27
21.5 65
-24.5 83
25.0 28
-26.5 94
-28.5 33
-29.5 24
30.0 10
36.5 86
39.5 74
41.5 0
48.0 63
-52.5 62
66.5 95
72.5 7
0.5 1 37 64 73
-0.5 31 32 46 78
1.0 16 90
-1.0 29 30 48
-1.5 18 54 75 81
1.5 72 97
