0.0 8 35 39
-2.0 12 54 58 81
2.0 13 44 57 91
-2.5 21 40
3.0 4 19 84 96 98
-3.0 45
-3.5 5 15 36 72 77
3.5 34 47 71 79
-4.0 3 41 80
4.0 38 69
4.5 22
-4.5 23 49 53
-5.0 43 67 85
5.0 89
-5.5 2 59 70
5.5 20 78
-6.0 61
6.0 76
6.5 60
-6.5 87
7.0 25 99
-7.0 29 82
-7.5 92
8.0 14
-9.0 11 52
9.0 93
-10.0 17
10.5 51
-11.0 6
-12.0 26
-13.0 66
-13.5 42
14.5 88
15.5 27 50
16.5 68
17.5 65
-18.5 56
-20.5 55
21.0 28
-22.5 9
-24.5 83
-24.0 94
26.0 10
-30.5 24
-31.0 33
35.5 0
37.0 86
-41.5 62
40.0 74
53.0 63
69.0 7
70.5 95
0.5 1 37 48 64 73 90
-0.5 30 31 32 46
1.0 16 97
-1.5 18
1.5 75
