-2.0 12 40
0.0 35 39 73 91 97
2.0 84
-2.5 3 21 59 81
2.5 14 25 41 98
3.0 47 96
-3.5 5 77
3.5 34 38 79
-4.0 43 53 70 80
4.0 69
-4.5 17 23 49 61
4.5 22 99
5.0 15 89
-5.0 58 67 72 85
-5.5 2 82
5.5 20
6.0 8 71
-6.0 87
7.0 51
-7.0 92
-7.5 29 52
7.5 60
-9.0 11
9.5 78
-11.5 42
-12.0 6 66
13.5 88 93
14.5 28
16.5 65
-17.0 94
18.5 68
18.0 76
-20.0 26
-21.0 9 56
21.5 27
22.5 50
25.5 10
-25.0 83
-26.0 55
-27.0 24
-28.5 33
36.5 0
-38.5 62
40.0 74
42.5 86
48.5 63
63.5 95
64.0 7
0.5 4 37 64 90
-0.5 30 31
1.0 1 16
-1.0 36 44 46 75
1.5 13 19 32 45 48 57
-1.5 18 54
