-2.0 12 14 29 46 91
2.0 13 38
0.0 19 35 39 51
-2.5 4 40 70 81 82
2.5 98 99
3.0 48 59 96
-3.0 61
-3.5 5 43 77
3.5 17 34 47 69 97
-4.0 25 42 52 80
4.0 32
4.5 22 60
-4.5 23 49 53 87
-5.0 2 67 85
5.0 15 20
5.5 31 71
-5.5 92
-6.0 6 11 75
-6.5 21 58
6.5 89
7.0 8
-8.5 44
8.5 78
9.0 41
-10.5 66
11.5 65
14.0 28 88
16.5 93
17.5 50
19.5 68
-19.5 94
-20.0 33 56
23.5 27
-23.5 55
23.0 76
-24.5 24
-24.0 26
-26.0 83
-27.0 9
29.5 10
-32.5 62
39.5 0
39.0 86
41.5 74
51.0 63
56.5 7
61.0 95
0.5 1 37 64 73 90
-0.5 30
1.0 16 36 45 57 79
-1.0 72
-1.5 3 18 54
1.5 84
