0.0 3 30 35 39
-2.0 12 14 19 40 54 61 87
2.0 13 45
-2.5 43 81
2.5 98 99
-3.0 17 77
3.0 36 96
3.5 34 47 48 72 78
-3.5 46 92
-4.0 5 80 91
4.0 20 69
-4.5 21 49 53
4.5 22
-5.0 2 4 23 67 85
5.0 97
-5.5 58
6.0 8
-6.0 25 51
-6.5 6
6.5 15 84
7.0 32 79
-7.5 42 75
7.5 89
-8.5 52
8.5 59
-9.0 66
10.0 28 41
-14.0 33
14.0 93
14.5 65
16.5 88
19.5 27
-19.5 94
-20.0 26
20.0 50
-21.5 56
23.5 76
25.0 10
-27.0 55
29.5 68
-31.0 24
-31.5 62
-32.5 9
-32.0 83
35.0 86
40.5 0
45.0 63
49.5 74
59.0 7
61.5 95
0.5 1 29 37 64 73
-0.5 31 44
1.0 16 38 57 82 90
-1.0 60 70
-1.5 11 18 71
