2.0 11 13 97
-2.0 12 18 44
0.0 35 39
2.5 20
-2.5 40 77 81
3.0 14 96 98
-3.0 78
-3.5 5 75
3.5 36 47 82
4.0 69 99
-4.0 80
4.5 15 22 48 72
-4.5 19 46 49 53 85
-5.0 2 25 29 67 91
5.5 34 41 89
6.0 84
-6.5 23 60
-7.0 4 31 66
-7.5 51
7.5 88
8.0 93
8.5 32
-8.5 42 71
9.0 8
10.5 79
-11.0 21 33
11.0 28
11.5 59
-13.0 52
-15.5 94
16.5 65
18.5 50
23.0 27
-23.5 56
27.0 10
-27.0 26
-29.5 55
-29.0 62
30.0 68
30.5 76
31.0 0
-33.0 83
-37.5 9
38.5 63
44.0 86
47.0 74
55.5 7
66.0 95
0.5 6 17 37 38 57 58 64 70 73 90
-0.5 30
1.0 1 3 16
-1.0 24 61 92
-1.5 43 54
1.5 45 87
