-2.0 12 41 54
0.0 16 35 40 79
2.0 30 56 72 90
-2.5 1 8 21 37
2.5 11 14 15 81 98
-3.0 19 48
3.0 44
-3.5 0 61
3.5 34 47
-4.0 23
4.0 25 84 94
4.5 22 57
-4.5 53 97
5.0 55
-5.0 77 91
5.5 20
-5.5 66 87
-7.0 2 93
7.0 88
7.5 3 5 28
-7.5 26 42 96
-8.0 36
-8.5 46 86
8.5 71
-9.0 70
-10.0 58 60
11.0 69
-12.0 95
12.5 64
-13.0 9
-17.5 78
18.5 49
-18.0 83
19.5 99
-20.0 59
-21.5 17
-23.0 24
-24.5 89
28.5 10
-28.5 68
-28.0 76
-31.0 73
32.0 32
-37.5 27
-39.0 67
45.0 51
47.0 4
49.0 75
48.0 85
52.5 7
-61.0 45
62.0 50
-63.0 63
0.5 6 38 52 62 74 82
-0.5 29 31 33
1.0 39
-1.0 43 92
1.5 13
-1.5 18 65 80
