-2.0 12 20 40 81
2.0 13 17 70
0.0 35 39 73 97
2.5 6 11 36 98
-3.0 51
3.0 96
-3.5 5
3.5 24 47 69
-4.0 80
4.0 93
4.5 22 48
-4.5 49 53 85
-5.0 2 66 67 91
5.0 87
-5.5 25
5.5 34 82
-6.0 33 46
6.0 89
6.5 15 88 99
-7.0 19 23 84
7.5 8 79
-8.0 44
-8.5 4 29 78
8.5 14
9.0 32
10.0 28
-10.5 52 60
11.0 59
-12.5 31
-13.5 21
-14.5 42
15.5 50
-15.5 56
-18.5 71
20.0 65
-20.5 94
-25.5 55
-27.5 62
33.0 10
-33.0 26
33.5 68
34.0 0
35.0 27
-37.0 83
39.0 76
-43.0 9
43.0 74
45.5 63
49.0 7
48.5 86
70.5 95
0.5 1 37 38 57 64 72 90 92
-0.5 30
1.0 3 16 75
-1.0 43 58 61
-1.5 18 41 54 77
1.5 45
