0.0 11 34 35 37 39 43 72
-2.0 12 20 97
-2.5 40
2.5 98
-3.0 66
3.0 96
-3.5 5 52
3.5 47 70
4.0 24 51 69
-4.0 53 58 80 91
4.5 22
-4.5 29 49 85
-5.0 2 67
5.0 48
-5.5 23
5.5 79 82
-6.0 17
6.0 89
6.5 15
-6.5 41
7.0 6 99
-7.0 46
7.5 59 87
8.0 32
8.5 93
-9.0 4 19
-9.5 25 33 78
10.0 14
10.5 10
-10.5 60
-11.0 44
11.0 50
12.0 8
13.5 28
-15.0 84
-16.0 56
-17.0 21
-20.5 55
-21.0 42
-23.5 31
-24.5 71
25.5 65
-29.5 62
-29.0 94
-30.0 26
30.0 68
31.0 0
-39.5 9
40.5 27
-40.0 83
43.5 74
47.5 76
49.0 63
53.0 7
59.5 86
77.5 95
0.5 1 3 57 64 73 75 92
-0.5 88
1.0 16 36 38 90
-1.0 30 77
1.5 13 45
-1.5 18 54 61 81
