-2.0 12 54 91
2.0 13 38 79
0.0 35 39 72 77
2.5 10 98
-2.5 20 40 61
3.0 96
-3.5 5 97
3.5 24 47 50 52
4.0 69 82
-4.0 80
-4.5 11 49 53 75
4.5 22 48 70 89
-5.0 2 67 85
-5.5 58
5.5 99
6.0 32
-6.0 78
6.5 14
-7.0 41 60
-7.5 34 88
7.5 93
8.0 6
-8.0 25 46
-8.5 4
8.5 28
-9.5 17
9.5 51 87
-10.0 19
11.5 8
-11.5 33
12.0 15
-14.0 42
-14.5 44 56
-15.0 23
-15.5 62
-19.0 84
-20.5 21 55
-20.0 26
-23.5 31
-24.5 71 94
27.5 65
29.0 0
33.0 68
34.0 63
-36.5 9
42.0 27
42.5 74
43.0 76
-43.0 83
60.5 7
66.5 86
72.5 95
0.5 1 29 37 43 64 73 90
-0.5 3 30 92
1.0 16 57
-1.0 66 81
-1.5 18 36
1.5 45 59
