-2.0 12 20 29 92
2.0 13
0.0 35 39 72 78 91
2.5 10 24
-2.5 28 40
3.0 38 50 96 98
-3.0 59
-3.5 5 36 89
3.5 32 47 99
4.0 48 69
-4.0 58 80
4.5 22
-4.5 49 53 85
-5.0 2 67
5.0 70
-5.5 43
-6.0 17
6.0 52
-6.5 4
-7.5 42 75
8.0 6
8.5 8
-8.5 11
-9.0 44 46 62
9.5 87
10.0 93
-10.5 19 34
10.5 51
-11.0 88
12.5 15
-12.5 97
-16.0 26
-18.5 33
-18.0 56
-19.5 55
21.5 0
-21.5 23
-23.0 94
-24.5 31
-26.0 21
-27.5 84
-28.0 71
29.5 65
33.0 63
38.0 68
-40.0 9
41.0 27
41.5 76
42.5 74
-45.0 83
63.5 7
64.0 86
77.5 95
0.5 1 14 37 61 64 66 73
-0.5 30 81
1.0 16 57 77 82 90
-1.0 18 25
-1.5 3 41 54 60 79
1.5 45
