-2.0 12 82
2.0 13 52 66 91 99
0.0 35 39 72
2.5 10
-2.5 14 20 40
-3.0 3 44
3.0 47 48 96 98
-3.5 5
4.0 38 60 69
-4.0 80
-4.5 4 49 53 92
4.5 22
-5.0 2 67 75 85
5.0 61 70
-5.5 28 36 59
5.5 41
6.0 25 51
-6.0 42
-7.0 34
7.0 43 58
-7.5 17 62
8.0 15 50
-8.0 29
8.5 87
-9.0 89
-9.5 11 46 88
-10.0 19
10.5 93
11.5 7 8
13.5 6
-14.5 26
16.5 0
-16.5 56
-17.5 55
-18.5 33
-20.0 97
-22.5 23
-22.0 71
-25.5 84
-27.5 31
-29.0 94
-32.0 21
-36.0 9
36.5 63
38.5 65
41.5 74
-41.5 83
42.0 27
45.0 68
45.5 76
64.5 86
74.0 95
0.5 1 37 64 73 81 90
1.0 16 24 32
-1.0 30
-1.5 18 54 79
1.5 45 57 77 78
