-2.0 7 12 20
2.0 13 48 57 61
0.0 35 37 39 72 75
2.5 10 77
-2.5 40
3.0 66 91 96 98 99
-3.5 5 43
3.5 47 69
4.0 0
-4.0 59 80
-4.5 3 28 49 53 85
4.5 22 38
-5.0 2 67 82
5.0 70
-5.5 52 62
-6.0 36
6.0 87
-6.5 92
-7.0 11 29 44
7.0 60
-7.5 17 89
7.5 93
-9.0 19
9.5 25
-9.5 46
10.0 41
-10.5 71
-11.0 88
11.5 50
-11.5 55
12.5 6 58
-15.0 33
16.5 8
-17.5 42
-19.0 56
-20.5 26
-22.5 97
-23.5 23
-26.0 31
-31.0 84
-31.5 94
-35.0 21
-38.5 9
-39.5 83
40.0 63
40.5 74
42.5 27
43.0 65
47.5 68
52.5 76
68.5 86
77.5 95
-0.5 14 30 32 54
0.5 34 64 73
1.0 1 16 81 90
-1.0 24 51
-1.5 4 18 79
1.5 15 45 78
