-2.0 12 20 40
2.0 13
0.0 15 35 39 72 73
-2.5 7 24
2.5 10 43 57 87
-3.0 11 17 62
3.0 77 91 96 98
-3.5 5
3.5 47 66
4.0 69
-4.0 80
-4.5 0 49 53
4.5 22 70
-5.0 2 67 85
5.0 14 38
-5.5 3 36 71
5.5 99
6.0 34
-6.5 51 55
6.5 60
-7.0 19 82
7.0 61
-7.5 92
8.0 93
8.5 25
-8.5 28
9.0 41
-9.0 46 89
-9.5 44
-11.5 52 88
14.5 6
15.0 8
15.5 50
16.5 58
-17.0 42
-18.0 33
-21.0 31 56
-23.5 26
-26.0 97
-27.5 23
-30.5 83
-31.0 94
-32.0 84
-35.0 9
-37.0 21
37.0 27
36.5 74
42.5 63
47.0 65
50.0 68
51.0 76
69.5 86
75.5 95
-0.5 30 32
0.5 37 48 59 64 90
1.0 1 16 54
-1.0 29
1.5 4 45 75 78 81
-1.5 18 79
