-2.0 12 20
0.0 15 29 35 39 72
2.0 81
-2.5 7 40
2.5 10 60 91
3.0 41 47 54 57 66 77 96 98
-3.0 75
-3.5 5 36
3.5 69 70
4.0 4
-4.0 24 80 89
4.5 22 38
-4.5 49 53 85
-5.0 2 19 67
5.0 34
-5.5 3
-6.0 28
-6.5 0
6.5 25 59
-7.0 51 82 92
7.0 99
8.0 93
-8.5 46
9.5 14
11.5 6
-11.5 44
12.0 61
-12.5 52
13.0 8
-13.0 42
-16.5 26
-16.0 55
-19.0 31
20.0 58
21.0 50
-22.5 9
-22.0 88
-24.5 33
-25.5 23
-25.0 97
-27.0 56
-28.5 94
-30.5 21
-33.5 83 84
35.0 27
37.5 65
36.5 74
41.5 76
49.0 63
56.5 68
69.5 95
76.5 86
-0.5 17 30
0.5 37 64 73
1.0 1 16 32 62 90
-1.0 48 87
1.5 11 13 43 45 71 78
-1.5 18 79
