-2.0 7 12 20 51
2.0 13 81
0.0 15 35 37 39 72
2.5 10 66 70 89 98
-2.5 19 40 48
3.0 11 47 71 77 96
-3.0 43
-3.5 5 60
3.5 32 38 57 69
-4.0 17 41 53 80 87
4.5 22
-4.5 28 49 85
-5.0 2 24 67
-5.5 3 82 92
5.5 54
6.0 4
-6.0 29
6.5 9 99
-7.5 46 52 75
9.0 1 14
9.5 61
10.5 59
11.0 8 25 93
11.5 62
12.5 6
-13.5 31 42
-14.0 55
-18.0 0
18.5 58
-19.0 26 44
-24.5 23 33
26.5 50
-26.5 88
-28.0 21
28.5 27 65
-30.5 84 97
-30.0 94
-33.0 56
35.5 74
41.5 76
-40.5 83
51.0 63
60.5 68
75.0 95
85.0 86
0.5 64 73 90 91
1.0 16
-1.0 30 34
-1.5 18 36 79
1.5 45 78
