-2.0 7 12 20
2.0 13
0.0 15 19 35 39 72 73
2.5 10 38 81
-2.5 40 71
3.0 77 96 98
-3.0 82
-3.5 5 92
3.5 47
-4.0 48 80
4.0 57 69 89 99
-4.5 3 49 53
4.5 6 14 22
-5.0 2 24 67 85
5.0 61 62
5.5 51
6.0 32
-6.0 87
6.5 43
-6.5 46 75
7.0 4 54
-7.0 31
-7.5 28 41
-8.0 17 34
8.5 1
-8.5 29 60
9.5 9
11.5 93
-12.0 55
12.0 59
14.0 8
-16.0 26
-16.5 44
-17.0 0
17.0 25 86
-20.0 84
-21.5 33
-21.0 42
23.5 65
-24.5 56
24.0 58
25.5 27
-27.0 23 88
-29.0 94
-30.0 21
31.0 50
38.0 74
-40.5 97
-42.5 83
47.5 76
53.5 63
57.5 68
79.0 95
0.5 37 52 64 90
1.0 11 16 36 70
-1.0 30
-1.5 18 79 91
1.5 45 66 78
