-2.0 12 21 54 61
2.0 13 94
0.0 16 35 40
-2.5 1 8 41
2.5 81 90 98
3.0 28 30 47 55
-3.0 33 48 65 79
-3.5 0
3.5 25 34 44
4.0 15 57 88
-4.0 23 58 91
4.5 22 82 97
-4.5 37 53 96
5.0 11 20 72
-5.0 26 36 77
-5.5 2 19 60 93
6.0 3 84
6.5 5
-7.5 66 95
-8.0 46
-9.0 70
9.5 69
-12.0 9
13.0 71
-13.5 68
-14.0 17
-14.5 86
17.0 64
-17.0 83
17.5 99
-18.0 78
-19.5 59
23.0 49
-24.5 24
-28.0 73
-29.0 89
-30.0 76
32.0 32
37.5 10
-39.5 27
41.0 51
-40.5 67
43.0 85
44.0 4
52.5 75
-57.5 45
59.0 7
58.5 50
-64.5 63
0.5 6 42 74
-0.5 29 31 62
1.0 38 52
-1.0 39 56 92
1.5 14
-1.5 18 43 80 87
