-2.0 12 20
2.0 13 81
0.0 15 39 66 72
-2.5 7 35 40
2.5 10 36 98 99
-3.0 3 11
3.0 77 96
-3.5 5 17 29 91
3.5 47 69
4.0 89
4.5 22 57
-4.5 24 49 53 80 85
-5.0 2 41 67
5.0 62
5.5 9 52
-5.5 43 46 86
-6.0 48
-6.5 87
-7.0 28
7.5 4 54
8.0 32 51
-9.0 71
9.5 59
-10.5 34
-11.0 31 60
11.5 8
-13.5 44 56
-14.5 26
-15.0 0
15.5 65
-17.0 84
-18.0 42
19.0 93
-20.5 55
-22.5 23
22.5 25
-25.5 33
-25.0 88
-27.0 94
28.0 27 58
-29.5 21
33.5 74
37.5 50
-38.5 97
-43.0 83
55.0 76
59.0 68
60.0 63
79.0 95
-0.5 1 6 30 70
0.5 37 61 64 73 82
-1.0 14
1.0 16 90
-1.5 18 75 79 92
1.5 19 38 45 78
