-2.0 7 12 20 70
2.0 9 13 77 81
0.0 15 39 72 92
2.5 10 19 99
-2.5 14 40
-3.0 24
3.0 96 98
3.5 6 36 47 82
-3.5 28
-4.0 5 46 53 80
4.0 59
4.5 17 22 57
-4.5 49 91
-5.0 2 67 85
5.0 52
-5.5 1 87
-6.0 34
6.0 54
6.5 4 43
-7.5 11 35 48
-8.0 31
9.0 32
-9.5 60 71
-10.0 0
12.0 8
-12.0 44
-12.5 26
-17.5 42
-19.0 55 56 84
19.0 93
21.5 65
-23.0 88
-24.5 23
-26.5 33 94
-27.0 21
29.5 25 27
-30.0 97
35.0 58
39.5 74
44.5 50
-44.5 83
53.5 63
56.0 68
58.0 76
77.0 95
0.5 29 37 38 51 64 73 90
-0.5 30 61
1.0 16 62 89
-1.0 79
-1.5 3 18 66 69 86
1.5 41 45 75 78
