0.0 1 15 39 72
-2.0 12 20
2.0 13 31
-2.5 7 40
2.5 10 98
3.0 19 36 96
-3.0 29 43 46
-3.5 5 61 66 70 71 87
3.5 47 54
-4.0 53 80
-4.5 11 49 60 89
4.5 22 57 99
-5.0 2 67 85 91
5.0 4
-5.5 28
5.5 82
-6.0 62
-8.0 0 69
8.0 41
8.5 6 32 93
-9.0 35 48
-11.0 44
12.5 8
13.5 9
-13.5 26
-15.5 94
-16.5 55
-21.5 97
-24.0 23
24.0 65
-24.5 84
25.5 25
-26.0 21 88
-26.5 42
-27.5 56
-28.0 33
29.0 27
34.5 58
36.0 50
45.5 74
46.5 68
-51.0 83
53.0 63
54.0 76
72.5 95
-0.5 3 30 86
0.5 37 38 64 73 90 92
1.0 14 16 17
-1.0 75
-1.5 18 24 51 52 59 79
1.5 34 45 77 78 81
