2.0 0 13 43
-2.0 7 12 20 46
0.0 15 39 72 92
2.5 4 10 19 31 71 98
-2.5 40
3.0 96
-4.0 5 80
4.0 47 94
4.5 22
-4.5 49 53 85 91
-5.0 2 51 59 67 70
5.0 57
5.5 61 82
-5.5 66
-6.0 11 62 75
6.0 34
6.5 6 14 93
7.0 32 99
-7.0 69
7.5 86
-8.0 17 35
-8.5 29
9.0 1
-9.0 28 52 89
-10.0 44 48
10.5 41
14.5 8
-17.5 55
-18.0 97
19.5 9
-19.0 84
-21.5 26 88
28.5 65
30.0 27
-30.0 42
31.5 50
-33.0 23
33.0 25 58
-33.5 56
-34.5 21
-34.0 33
34.0 68
42.5 74
51.5 76
-57.5 83
61.0 63
62.5 95
0.5 3 24 37 64 73 77 90
-0.5 87
1.0 16 36 38 45 60 81
-1.0 30
-1.5 18 79
1.5 54 78
