-2.0 12 92
2.0 13 24 38 45 71
0.0 15 39 72 73 77 81
-2.5 7 20 40 91
2.5 10 43 98
3.0 0 87 96
-3.5 5
3.5 47
4.0 32 82 94
-4.0 53 69 80
4.5 22 34 57 93
-4.5 49 89
-5.0 2 59 67 85
-5.5 11 35
-6.0 29 70
6.0 60
7.0 41 99
-7.5 28 66 75 84
-8.0 17 51
9.0 1 61
10.0 8 14
-11.0 48
-12.0 62
-13.0 52
13.0 86
-13.5 44
-16.0 97
-18.0 42
-18.5 88
-19.5 26
20.5 9
-21.0 55
30.5 27 50
30.0 74
31.5 65
34.0 58 68
-36.5 21 33
36.5 25
-40.0 23 56
52.5 76
57.0 95
64.5 63
-64.5 83
-0.5 4 30
0.5 6 37 64 90
1.0 3 16 19 54
-1.0 36 46
-1.5 18 31 79
1.5 78
