0.0 1 15 29 39 41 69 72
-2.0 7 12 20 40 84 99
2.5 10 98
-2.5 34
-3.0 4 70
3.0 24 38 96
-3.5 31 36 43 75
3.5 47 94
-4.0 5 53 80 92
4.0 93
4.5 22 57
-4.5 49 71 85
-5.0 67
-5.5 2
6.0 87
7.5 60
8.0 14
8.5 6 61
-8.5 17
-9.0 45 51
-9.5 66
10.5 8
-10.5 52
-11.0 55
-11.5 48
-12.0 28 62
-14.0 42
14.0 86
-15.5 11
-16.0 44
-18.0 88 97
20.5 9
-21.5 26
28.5 50
29.5 74
32.0 58
-36.0 21
36.0 68
-39.0 23
38.0 27
38.5 65
41.5 25
-40.0 33
-48.5 56
55.0 76
63.5 63
-63.5 83
62.5 95
0.5 0 37 64 73 90
-0.5 19 46 81 91
1.0 3 16
-1.0 30 77
1.5 13 32 54 78 82
-1.5 18 35 59 79 89
