0.0 3 15 19 39 72
-2.0 12 20 77
2.0 13
-2.5 7 40
2.5 10 35 98
-3.0 0 17
3.0 14 69 96
3.5 47
-3.5 55
-4.0 5 52 80 89 99
4.0 24 38 54 57 59 94
4.5 22
-4.5 49 53
-5.0 2 36 67 85
5.0 60
-5.5 1
-6.0 4 41 92
6.5 43
7.0 70
-7.5 51
8.0 6
-8.5 62
8.5 87 93
-9.0 34
9.0 61
-9.5 44
10.0 8
-10.0 71
-11.0 66
11.5 86
-11.5 97
-12.0 48
-13.5 42
-14.5 45
-18.5 26
-22.0 11 28 88
25.0 9
26.5 74
32.0 50
35.0 27
36.0 25 58
39.0 65
38.5 68
-41.0 21
-40.5 33
-45.0 23
-52.0 56
52.0 76
-61.5 83
64.5 95
71.5 63
-0.5 30 32 46 84
0.5 31 37 64 73 90
1.0 16 75
-1.0 29 81
-1.5 18 79 82
1.5 78 91
