-2.0 0 20 40 84
0.0 1 15 39 60 72
2.0 13
-2.5 7 12 77
2.5 10 91 98
3.0 47 96
-3.0 55
-3.5 5
3.5 52 69
4.0 24 31 57 94
-4.0 53 80 99
4.5 22 38
-4.5 49 51 82
-5.0 2 67 85
5.0 19 70
-5.5 43
6.0 35 54
-6.0 36
-7.0 29 41 92
-7.5 4
7.5 17
8.0 86
8.5 8
9.0 59
-9.0 71
9.5 87
-10.0 34
11.5 6
-12.0 48
-12.5 66
-13.0 42 97
14.0 61
-15.5 26
-16.5 62
16.5 93
-17.5 44
-20.0 45
-23.0 11
-25.0 88
29.5 9
-29.0 28
32.0 27
33.5 74
35.0 50
37.0 58
-38.0 21
39.0 25
38.0 68
41.0 65
-43.5 33
-44.0 23
-45.0 56
57.0 76
-62.5 83
65.5 95
68.0 63
-0.5 30 32 46
0.5 37 64 73 75
-1.0 3
1.0 16 90
1.5 14 78
-1.5 18 79 81 89
