-2.0 7 12 20 40 71 81
0.0 15 37 39 72
2.0 31
-2.5 3 41
2.5 10 13
3.0 24 47 91 96 98
-3.0 77
-3.5 55 70 99
3.5 57
-4.0 5 53 80
4.0 94
4.5 22
-4.5 49 75 85
-5.0 2 34 67
5.0 14 17 38
5.5 19 86
-5.5 36
6.0 43 52 89
-6.0 60 84
-7.0 82 92
7.5 35 54
-8.0 29
9.0 1 87
-9.0 4
-9.5 0
9.5 8
-11.0 42
-12.0 48
12.0 59
-13.0 66
14.5 6
-14.5 26
17.5 93
-18.5 45 97
18.0 61
-22.5 88
-23.5 28
-24.5 11 44
-25.0 62
28.0 9
-29.0 56
34.5 27
35.0 74
37.0 50
37.5 58 68
-39.0 21
44.5 25
-46.5 33
47.5 65
-50.0 23
59.0 76
63.0 95
65.0 63
-0.5 30
0.5 32 64 73 83 90
1.0 16
-1.0 18 51
-1.5 46 79
1.5 69 78
