-2.0 12 46 69
0.0 14 15 39 72 73
2.0 24
-2.5 7 20 29 31 40 43 81
2.5 10 32 34 52 91 98
3.0 47 57 71 96
-3.5 5 55 77 99
3.5 70
-4.0 3 36 80
4.0 86 94
4.5 22 38 41
-4.5 49 53 85
-5.0 2 67 84
5.5 19
-6.0 0 92
6.5 83
7.0 54
-7.0 82
7.5 8 35 87
-7.5 75
8.0 61
9.0 1 6 89
-9.0 4
-10.0 60
11.0 59 93
-11.5 48
-13.0 66
-14.5 42 45
-15.0 26
-19.0 56
21.0 9
-21.0 97
-22.0 28
-23.5 11
-25.5 88
-27.0 62
-33.0 44
34.0 74
37.5 58
37.0 68
39.5 50
40.5 27
-43.5 21
-42.5 33
46.5 25
54.5 65
-56.5 23
59.5 76
64.0 95
72.0 63
-0.5 30
0.5 37 64 90
1.0 16 17 51
-1.5 13 18 79
1.5 78
