-2.0 12 18 21 54
2.0 13 58 72 81
0.0 16 35 40 42
-2.5 8 26 39 41 43 91
2.5 25 62 90 95 98
-3.0 1 48 93
3.0 44 47
-3.5 0 2 14
3.5 34 94
4.0 3 20 30 57
4.5 22
-4.5 23 53
5.0 5 15
-5.0 77
-6.0 37
6.5 11 82
-6.5 46 78
-7.0 56
7.0 84
-7.5 19
7.5 69
-8.5 70
9.5 65
-9.5 66
10.5 87 97
11.0 28
13.5 71
-15.0 86
-16.5 17
-16.0 68
-17.0 9
-18.5 83
-19.0 59
21.0 49
22.5 99
23.0 64
-30.0 24 73 76
32.0 32 51
-35.0 89
-38.0 27
39.5 85
43.0 10
44.5 50
-46.0 67
53.0 4
-55.0 45
58.5 75
60.0 7
-62.5 63
0.5 6 60 74 88
-0.5 29 31 79 96
-1.0 33 36 52 92
1.0 55
1.5 38
-1.5 61 80
