-2.0 8 12 17 20
0.0 15 24 37 39
-2.5 7 40
2.5 10 57
3.0 47 96 98
-3.5 5 46 55 77
3.5 38
-4.0 72 80 84 92 99
4.0 94
4.5 6 22 87
-4.5 49 53 85
-5.0 2 3 14 52 67 75
5.0 19 35 54
5.5 32
-6.0 69 82
6.5 0 34 59 89
-6.5 86
-7.0 31
-7.5 13 45
7.5 83
-8.0 4
8.0 70
9.5 41
-9.5 42
-10.5 48 60
-12.5 66
-13.0 26
15.0 93
-18.0 28 56
20.5 9
-20.5 11
-21.0 97
-29.0 62
35.0 68 74
-35.5 88
-37.5 44
39.0 58
43.5 27
45.5 25 50
-45.0 33
-47.5 21
56.0 65
-61.0 23
64.0 76
68.5 95
72.5 63
0.5 1 29 51 61 64 73
-0.5 30 81
1.0 16 43 71 90 91
-1.5 18 36 79
1.5 78
