-2.0 8 12 17 20 51 70 86 92
0.0 15 18 39 75
2.0 57
-2.5 7 40
2.5 10 38 54 98
3.0 43 96
-3.5 5 55 77 82
3.5 19 47
4.0 0 34 94
-4.0 45 80 99
4.5 22
-4.5 29 46 49 53 85
-5.0 2 67
-5.5 1 3
-6.0 4 42 71
-6.5 14 28
-7.0 84
7.5 32
-7.5 60
-8.0 69
8.5 83
-9.0 72
9.5 41 89
-9.5 48
-11.5 31 52
-12.0 13 66
-14.5 11 26
16.5 93
-17.0 56
21.5 9
-26.5 62 97
29.5 68
34.0 58
39.0 74
-38.0 88
-41.0 44
43.0 25
42.5 27
45.5 50
-46.0 21
-53.5 33
-62.5 23
62.0 65
71.0 63
73.0 76 95
-0.5 30
0.5 36 37 61 64 73 81 90
1.0 6 16 59 87
-1.0 91
-1.5 24 79
1.5 35 78
