2.0 0 8 18
-2.0 7 12 17 20 40 60 87
0.0 15 39 73 92
2.5 10 19 36
-2.5 35
-3.0 14 77 91
3.0 42 96 98
-3.5 4 5 24 34 55 81
3.5 47
4.0 41 89 94
-4.0 43 59 80 99
4.5 6 22
-4.5 49 53 85
-5.0 2 67 82
5.0 86
-5.5 3 45 51
-6.0 46
-7.5 69
-8.0 48
-8.5 29
8.5 83
9.0 32
-10.5 66 71
-12.0 13
-12.5 52
-14.0 26
-15.0 11
-16.5 56 72
-18.0 31 62
18.5 93
22.0 9
-29.5 97
30.0 68
-33.5 44
33.0 58
-39.0 88
42.5 74
46.5 25 27
-49.0 21
-55.5 33
54.5 50
-63.0 23
67.5 95
71.5 63
69.0 65
76.0 76
-0.5 1 70 84
0.5 37 61 64
1.0 16 54 90
-1.0 30
-1.5 28 79
1.5 38 57 75 78
