-2.0 7 17 20 45 53
0.0 15 39
2.0 75
2.5 10 14 98
-2.5 12 40 77
3.0 18 47 96
-3.0 41
3.5 36 60
-3.5 55
-4.0 5 80 99
4.0 89 94
4.5 22
-4.5 24 28 49 91
-5.0 3 29 67 69 85 87
5.5 0
-5.5 2 59
-6.5 35 48 62 81 82
7.0 43
-7.0 46
7.5 6
-7.5 13 52 71
-8.0 51
8.5 1 70 83
9.0 32 93
-9.0 66
-9.5 34
12.0 86
-13.5 11 26
-17.0 56
20.5 9
-20.5 72
-25.0 31
-29.0 44
-30.5 97
32.5 68
34.5 58
43.0 27
43.5 74
-44.0 88
49.5 25
54.5 50
-56.5 21
-57.0 23
-61.0 33
63.0 65 95
71.5 76
81.0 63
-0.5 30 42
0.5 37 61 64 73 92
-1.0 4
1.0 16 38 54 57 90
-1.5 8 79
1.5 19 78 84
