2.0 4
-2.0 7 17 20 42 77
0.0 15 37 39 52 75 92
2.5 10 54
-2.5 12 40
3.0 18 36 43 96 98
-3.0 45
-3.5 3 55 59
3.5 47
-4.0 5 80 99
4.0 94
4.5 22 93
-4.5 49
-5.0 2 24 48 67 84 85 91
-5.5 82
-6.0 81
6.5 6
-6.5 87
7.0 14 60
-7.0 66
7.5 32
-7.5 41
-8.0 46
8.0 83
-8.5 35
-9.0 51
9.5 1
-9.5 34
-11.0 11 26 28 62
13.0 0 86
-14.0 56
17.0 9
-23.5 72
-26.0 31
28.0 68
33.5 27
-32.0 44
32.5 58
-34.5 97
44.5 74
-47.5 88
52.5 50
57.5 25
-59.5 21
-58.5 23
58.0 65
-60.0 33
61.0 76
60.0 95
83.5 63
0.5 8 29 38 64 73
-0.5 30 71
-1.0 13 69 89
1.0 16 19 57 61 90
-1.5 53 79
1.5 70 78
