-2.0 3 12 29 40 53 79
0.0 15 39 45
2.0 18
-2.5 7 17 20 91
2.5 10 13 69
3.0 43 96 98
-3.0 70 81
-3.5 5 48 55 82
3.5 6 8 47 71
-4.0 34 80 99
4.0 94
4.5 4 22
-4.5 24 49 85
-5.0 2 66 67
5.0 32 54
5.5 52
-6.0 41
6.5 14 83
-6.5 84 87
7.0 60
-7.5 51
-8.5 26
-9.0 35 46
-10.0 11
-14.5 56
16.5 9
-19.5 28
-20.5 62
22.5 86
-24.0 31
-25.0 72
27.0 0 27
28.0 68
-29.0 44
29.0 58
-33.0 97
42.5 74
-43.5 88
-51.0 23
-53.0 33
56.0 50
-58.5 21
62.5 65
64.5 25
65.5 76
66.0 95
80.5 63
0.5 1 37 42 57 64 73
-0.5 93
1.0 16 38 61 90
-1.0 30
1.5 19 36 59 75 78 89
-1.5 77 92
