-2.0 7 12 17 48 49 53
2.0 14 32
0.0 15 39 41
2.5 10 19 89
-2.5 20 40
3.0 43 60 96 98
-3.0 45 66 93
-3.5 5 26 42 55 92
3.5 34 47 69 75
4.0 22 94
-4.0 24 51 80 99
-5.0 2 67 85 87
5.0 52
-5.5 1
5.5 83
6.5 4 8
-7.0 35
7.0 54 59 70
-7.5 29
-9.5 46
-10.0 11
-12.5 56
-16.0 31
21.5 9
22.5 68
-23.5 44
-24.0 28
24.5 58
26.0 0
-26.0 62
29.0 63
-29.5 97
30.0 27
-33.0 72
34.5 86
38.5 74
-39.5 88
-45.0 23
-53.0 21
-57.0 33
57.0 50
65.0 25
66.5 95
69.5 65
72.0 76
-0.5 30 71 77 82
0.5 37 57 61 64 73 90
-1.0 3 36 84 91
1.0 16 18 81
-1.5 6 79
1.5 13 38 78
