-2.0 7 12 17 40
0.0 15 32 39 48 73
2.0 69
2.5 10 82 89
-2.5 20 24 60 87
-3.0 36
3.0 38 43 84 96 98
-3.5 5 13 14 35 55
3.5 19 47 83
4.0 8 49 94
-4.0 80 99
4.5 22
-5.0 2 67 85
5.0 70 81
-5.5 92
6.5 34
-7.0 29
7.0 41
7.5 4 54
-7.5 71
8.0 63
-9.0 11 42
-9.5 46
11.0 59
16.0 68
17.0 9
-18.0 31
-19.0 44
-21.5 56
23.5 0
24.5 58
-25.5 28
-29.5 97
-31.0 62
31.5 76
34.0 74
-34.0 88
36.0 27
-36.0 72
40.5 86
-45.5 23
-53.0 33
52.0 50
-54.0 21
65.5 25
69.0 65 95
0.5 3 6 26 37 45 57 61 64 77 90
-1.0 1 18 30 51 52 66 75 91
1.0 16
-1.5 53 79
1.5 78 93
