0.0 15 26 37 39
-2.0 20 53
2.0 83
-2.5 7 12 17 40 67
2.5 10 89
3.0 34 43 47 93 96 98
-3.5 5 18 55
4.0 38 94
-4.0 42 70 80
4.5 22 82 84
-4.5 85
-5.0 2 36 76
5.0 19
5.5 6 49 68
-6.0 75
-6.5 14
6.5 54 81
7.0 4 63
-7.0 92
8.0 8
-8.0 11 60
8.5 1
-8.5 52
-9.0 46
-9.5 13
10.5 41
-10.5 71
12.0 59
-18.5 31
-19.0 56
22.0 0
22.5 9
-25.5 44
25.5 58
-26.0 28
-28.5 97
-31.5 88
33.5 74
-36.0 62
-37.5 72
41.0 50
40.5 86
45.0 27
-51.5 21
-50.5 23
-52.0 33
62.0 65
73.0 25
74.0 95
-0.5 24 30 32 91
0.5 35 45 61 64 66 73 90
1.0 3 16 48 51 57 87
-1.0 69
-1.5 29 79
1.5 77 78 99
