-2.0 7 12 17 53
0.0 15 32 39 73 83
2.0 26 66
-2.5 20 40
2.5 48 77 89 98
3.0 10 43 47 96
-3.5 5 55
3.5 63 70
4.0 6 54 94
-4.0 45 80
4.5 22 35 38 87 93
-4.5 34 85
-5.0 2 14 69 76
5.5 19 81 82
6.0 4
-6.0 18 36 71
6.5 84
7.0 99
7.5 41
-7.5 92
-8.0 11
8.5 8
-8.5 46
9.0 59
9.5 1
-11.0 42 60 68 75
-12.5 13
-13.0 52
15.5 49
-16.0 31
-19.0 44
-20.5 56
23.5 0 58
-26.5 28
27.0 9
-29.5 88
-35.5 62
-35.0 97
38.5 74
39.0 86
43.5 50
46.0 27
-51.0 23
-52.5 21
-52.0 72
-54.0 33
64.0 65
76.5 25 95
-0.5 30
0.5 37 51 61 64 90
1.0 3 16 24 29 57
-1.0 91
-1.5 67 79
1.5 78
