-2.0 12
0.0 16 35 40
2.0 55
-2.5 1 8 21 41 62
2.5 5 20 38 90 98
-3.0 2 48 72 88
3.0 36 42
-3.5 0 39 43
3.5 34 44 47 57 96
4.0 33 94
-4.0 52
4.5 22 79
-4.5 23 53
5.0 11 30 65
-5.5 37 46 77
5.5 60
6.0 15 82 97
6.5 95
-7.0 6 26 86
-8.0 70
8.0 84 87
-9.0 19
9.0 71
-9.5 14
11.0 28
-11.0 66
12.5 69
-14.0 9
-14.5 56
-15.0 68
-16.5 59
17.5 64
22.5 32
22.0 49
-22.0 83
26.0 51
-27.0 17
27.0 99
-29.0 24
29.0 85
-31.5 76
-35.0 73
38.0 4
-38.5 27
-40.5 89
44.0 10
49.0 50
-50.0 67
-55.5 45
59.0 75
-63.5 63
64.0 7
-0.5 29 78 91
0.5 74
1.0 25
-1.0 31 61 92 93
1.5 3 13 58 81
-1.5 18 54 80
