-2.0 12 17 20 53
0.0 15 37 39 66
2.0 29 32 54 81 89
-2.5 7 40 51
2.5 10 24
3.0 43 96 98 99
-3.5 5 55
3.5 47 48 59
4.0 4 8 94
-4.0 80
4.5 22 63
-5.0 2 76 85
5.0 38
5.5 19 82
-5.5 36
-6.0 75 92
6.5 6 93
-6.5 11
7.0 26 35 87
-7.0 67
-7.5 46 69
7.5 77
-8.0 18
8.0 70
-8.5 68
8.5 84
-10.0 34 60
-10.5 13
-11.0 52
-13.0 45
-14.5 42
15.5 0
-16.0 31
-17.5 44
-20.0 28
21.0 49
-25.5 56
26.0 58
-27.0 88
29.5 9
-36.5 97
-39.5 62
38.0 74
40.5 86
46.0 50
48.5 27
-53.5 21
-55.5 33
-57.5 23
-58.5 72
70.5 65
77.0 25
83.5 95
0.5 3 14 61 64 73
-0.5 30
1.0 1 16 41 71
-1.0 79 91
1.5 57 78 90
-1.5 83
