-2.0 7 12 17 20 40 53 59 70 79
0.0 15 30 39
2.0 57 66
-2.5 81
2.5 89 90 98 99
3.0 10 29 43 71
-3.0 11 83
-3.5 5 55
3.5 24 47 82
-4.0 36 60 80
4.0 48 67 94
4.5 22 32 38
-4.5 52 85 92
-5.0 2 13 76
5.0 19
-5.5 1 41
5.5 6 14 77
-6.0 51
-6.5 46
6.5 84
-7.0 75
8.0 35
-8.0 69
8.5 93
-9.0 34
9.0 87
-9.5 18
-10.0 42
10.5 63
-13.0 31
-15.0 45
16.0 0
-16.5 68
-23.0 28 88
-24.0 56
-25.5 44
25.5 49
27.0 58
30.5 9
-36.5 97
-42.5 62
44.0 27
47.0 86
48.0 50 74
-55.5 21
-54.0 33
-57.0 72
-62.5 23
72.5 65
77.0 25
80.5 95
0.5 37 61 64 73
-1.0 3 91
1.0 16 54 96
1.5 4 8 26 78
