-2.0 3 17 20 26 36 40 53 71 92
0.0 8 15 39 70 73
2.0 98
-2.5 7 12
2.5 10 57 66 89
-3.0 34
3.0 38 52 90
-3.5 5 55
3.5 19 43 47 84
4.0 24 94
-4.0 80 83
4.5 22 29 48
-5.0 2 46 59 76 85
-5.5 31 69
-6.0 81
6.5 35
7.0 6 14 32 63 99
-7.0 42
-7.5 41
-8.0 11
-8.5 51
8.5 67
9.5 87
-10.0 75
-10.5 18
11.5 0
12.0 93
13.0 77
-20.0 45
22.5 58
-23.5 88
25.5 49
-25.0 68
28.0 9
-29.0 97
-30.5 28
-30.0 44
-32.5 56
-40.5 62
43.0 27
46.5 86
48.5 74
50.5 50
-56.5 33
-59.0 21
-62.5 72
-64.5 23
71.0 65
78.0 25
80.0 95
0.5 37 64
-1.0 1 4 30 60 91
1.0 13 16 61 82
1.5 54 78 96
-1.5 79
