-2.0 7 17 20 26 40 53 69 70 82
0.0 15 39
2.0 38
2.5 10 19 89 90
3.0 13 43 57 98
-3.5 3 5 41 55
3.5 24 35 47 54
-4.0 4 11 46 80
4.0 14 34 94 99
4.5 22 48
-4.5 83 85
5.0 0
-5.0 2 42 59 76
5.5 29
6.0 52
-6.5 81
7.5 66
8.0 1
8.5 87
9.0 6 32
-9.0 51 71
9.5 63
10.0 96
-10.5 18 75
11.5 77
15.0 93
18.5 9
19.0 67
20.5 49
-20.5 97
-23.0 45
23.5 58
-26.0 68
-28.5 88
-32.5 44
-36.5 28
-37.5 62
39.5 27
-42.5 56
42.0 74
51.0 86
-55.0 21
55.0 50
-60.5 72
-62.5 33
-65.0 23
74.0 65
81.0 25
82.5 95
-0.5 30 91 92
0.5 36 37 61 64 73
1.0 8 16
-1.0 31 60
1.5 12 78
-1.5 79 84
