-2.0 7 17 60 79
2.0 12 89 99
0.0 13 15 39
-2.5 11 20 40 46
2.5 24 36 52
3.0 47
-3.5 5 55 98
3.5 41 43 57
4.0 0 94
-4.0 80
-4.5 2 81 82 83 85
4.5 8 22 48
-5.0 3 76
5.0 10 26
5.5 54
-5.5 84
6.0 29
-6.5 4
6.5 34 87
-7.0 51
-8.5 75
8.5 96
9.0 32 63 77
-9.0 42
9.5 1
-9.5 18
-10.0 71
10.5 93
13.0 9
-14.5 70
16.5 6
17.5 49
18.5 66
23.0 67
-23.0 68
27.0 58
-27.0 97
-28.5 88
-33.0 44
-32.0 45
36.0 27
-41.5 62
40.5 74
-42.0 28
-46.5 56
49.0 50
-51.5 72
-53.5 21
54.0 86
-58.0 23
-65.0 33
78.5 25
77.5 65
79.0 95
-0.5 30 35
0.5 37 64 73 92
1.0 16 61 90
-1.0 59 91
-1.5 14 31 53
1.5 19 38 69 78
