-2.0 7 20 53
2.0 12 34
0.0 15 39 81
-2.5 17 40
2.5 89
-3.0 0 60
3.0 2 43 87
-3.5 5 51 55 75
3.5 36 47 69
4.0 11 48 57 94
-4.0 80 83
4.5 8 22 59
-4.5 35 52 71 85
-5.0 76
-5.5 3 14
5.5 10
-6.0 13 82
6.5 29 99
7.0 54
-7.5 42 70
-8.0 4 18 84
8.0 32 93
9.0 41
9.5 26
10.5 63
-11.0 98
12.0 9
15.5 66
16.0 77
17.5 67
-19.5 28 68
20.0 49
27.0 58
28.5 6
29.5 27
-31.0 97
-32.5 88
-37.0 45
36.5 74
-41.5 56
-42.0 44 62
43.0 50
-47.5 72
-55.0 21 23
54.0 86
-61.0 33
74.5 25
80.5 65
82.5 95
-0.5 30 38 91
0.5 37 64 73 92
1.0 16 19 24 61
-1.0 90 96
1.5 1 78
-1.5 31 46 79
