-2.0 7 20 38 40 84
2.0 12 69 71
0.0 15 39
-2.5 17 90
2.5 89
3.0 10 36 43 47
-3.0 55 75 83
-3.5 5
3.5 8 48
-4.0 80
4.0 81 94
4.5 22 57
-4.5 52 60
-5.0 76 85
5.0 99
-5.5 1 3 34
5.5 32
-6.0 14 18 42
6.5 29
-6.5 82 96
7.0 31 54
-7.0 70
-7.5 35
8.5 66 93
-9.0 4
9.0 11
9.5 59
10.0 41
-10.0 98
10.5 26 63
-11.5 13
12.5 67
14.5 9
-15.5 68
18.5 58
26.5 27 77
-26.0 88 97
27.0 49
-27.5 56
31.0 6 74
-40.0 45
-43.0 44
-42.5 72
-44.0 62
45.0 86
47.0 50
-48.0 23
-56.5 33
-60.0 21
75.5 25
83.0 65
80.0 95
-0.5 24 28 30 51 87 91
0.5 37 61 64 73
-1.0 0 46 92
1.0 2 16
1.5 19 78
-1.5 53 79
