2.0 10 12
-2.0 14 17 26 53
0.0 15 39
-2.5 7 20 24 40
2.5 19 48 71 89
-3.0 0
3.0 32 43 67
-3.5 5 18 38 55 87 92
3.5 47
-4.0 52 80
4.0 94
4.5 22 57 63
-4.5 75 90
5.0 66
-5.0 76 82 85
5.5 41 54
6.0 29
-6.0 60
6.5 81
-7.5 70
-8.5 4
9.0 8
-9.0 35 69 98
-10.0 34 68
10.5 11
-11.5 42
12.0 59
-12.5 13
13.0 31
13.5 93
16.0 9
16.5 58
-18.0 56
-22.5 88
23.5 27
23.0 77
30.5 6
-30.0 97
33.5 49
36.0 74
37.0 86
-41.0 45
-42.0 23
-42.5 44
-43.5 72
-45.0 62
55.0 50
-56.0 33
56.5 65
-60.5 21
75.5 25
74.5 95
-0.5 2 28 30 46 91
0.5 61 64 73 84
1.0 3 16 51
-1.0 96
-1.5 1 79 83
1.5 36 37 78 99
