0.0 2 15 28 39 51 83
2.0 12
-2.0 20 26 41
-2.5 0 7 17 40 82
2.5 89
3.0 43 54
-3.0 55
-3.5 5 38 71
3.5 19 47
4.0 10 14 94
-4.0 24 80
4.5 8 22 57 58 84
-4.5 52 85
5.0 29 66
-5.0 76 90
-5.5 75 87 92
5.5 99
6.0 81
-7.0 60
-7.5 4 98
8.0 1 96
-8.0 35 68
-8.5 13 34 69
10.5 59
-12.0 70
12.5 9
-12.5 67
-13.0 56
13.5 93
15.0 11
-16.5 42
20.0 6 31
20.5 77
25.0 27
-25.0 88
31.0 74
-31.0 97
35.0 49
-34.0 72
-37.5 23
39.0 86
-46.5 44
-47.0 45 62
48.0 50
-56.5 21
-60.0 33
72.5 95
76.0 25
0.5 3 32 46 61 63 64 73
-0.5 30 36 91
1.0 16 37 48
-1.0 18 65
-1.5 53 79
1.5 78
