-2.0 7 17 20 53 63
2.0 12
0.0 15 39 73 82
-2.5 0 13 38 40 51
2.5 89
-3.0 36 66
3.0 43 81
-3.5 5 46 55 75
3.5 47
4.0 29 94
-4.0 80
4.5 22 93
-4.5 24 52 85 90
5.0 8 19 57
-5.0 76 98
-5.5 4 26 35 68
5.5 99
6.0 59 65
6.5 10
-6.5 87
7.0 14
-7.0 41 92
-8.0 69
-8.5 60
-9.5 45 71
10.0 1 96
-13.0 56
-14.0 67
14.0 84
14.5 6
-14.5 70
16.0 31
17.0 11
18.5 9
-21.0 42
23.5 77
-24.5 97
-26.5 88
27.0 27
-35.5 23
37.5 50
39.5 49
-38.0 72
38.0 74
-44.0 44
47.5 86
-49.5 62
-54.5 21
-61.5 33
74.5 95
77.5 25
-0.5 30 32 48 58 91
0.5 37 61 64
1.0 16 18
-1.0 28
1.5 2 54 78 83
-1.5 3 34 79
