0.0 3 5 16 35 40
-2.0 8 12 41 54
2.0 78
-2.5 1 21
2.5 11 82 90
3.0 44 57 98
-3.0 48
-3.5 0 39 80 97
3.5 34 38 47
-4.0 43 46
4.5 22
-4.5 23 53
-5.0 2 72 77
-5.5 26 58 65 88
6.0 15 30 36 69 71 79
6.5 96
-7.0 70
-7.5 52 86
7.5 60
8.5 33 42 84
9.0 55
-10.5 19
10.5 87
-12.0 6 59 62 66
-12.5 14
12.5 95
-14.5 56
15.5 49
-18.0 83
19.5 28 85
-19.5 68
20.5 32
-21.5 9
23.5 51
-25.5 24
-29.5 27
-31.0 76
-32.5 17
-32.0 73
32.0 99
-40.5 89
45.5 10
48.0 75
52.0 50
-54.5 67
-63.5 45
66.0 7
-66.5 63
0.5 4 37 64 74 93
-0.5 25 29 31 92
-1.0 18 94
1.0 81
1.5 13 20 91
-1.5 61
