2.0 1 8 12 13 89 96
0.0 15 39 42 59
-2.0 17 20 48
-2.5 0 7 40
2.5 18 29 58
-3.0 4 90
3.0 43 47 82 93 97
-3.5 5 55
3.5 83
4.0 2 94
-4.0 63
4.5 22 57 68
-4.5 52 85
-5.0 24 36 41
5.0 34
5.5 19 75
-5.5 76
-6.0 3 51 87
6.0 10 14
-7.0 66 69
-7.5 92
-8.5 26 46 56
-9.0 60
-9.5 45 71
10.5 84
-12.0 70
14.0 11
14.5 31
15.5 77
16.0 9
21.0 6
-22.5 67
28.5 27
32.5 50
-32.5 88
-37.0 23
38.0 49
41.5 74
-44.5 44
-47.0 62
-46.5 72
53.5 86
-55.0 21
-59.5 33
77.0 95
80.5 25
-0.5 28 30 32
0.5 61 64 65 73
1.0 16 37 54
-1.0 38 80 91
-1.5 35 53 79 81 98
1.5 78 99
