0.0 4 15 39 73
2.0 12 13 54 57 93
-2.0 20 53
-2.5 0 7 40 56 78
2.5 35 80 89 97
3.0 18
-3.0 55 71
-3.5 5 48
3.5 10 43 47
4.0 8 94
-4.0 33 59 87
4.5 22
-4.5 24 52
-5.0 1 76 81 85
5.0 82 99
5.5 19 83
6.0 34
-6.0 36 69 96
6.5 2
-6.5 3 92
-7.0 63 65
8.0 31
8.5 11
-8.5 51
-9.0 45 60
9.5 58
10.0 68
-11.0 70
-11.5 23
-12.0 26
14.5 9 77
-15.0 46
15.5 84
-16.0 66
18.0 75
23.5 6
-24.0 67
-28.5 88
35.0 27
34.5 49
37.5 50
39.0 74
-42.0 44
-44.0 62
52.0 86
-55.5 72
-63.0 21
78.0 25
79.0 95
-0.5 28
0.5 61 64
1.0 14 16 32 38 41
-1.0 30 42 79 91
-1.5 17 90 98
1.5 29 37
