-2.0 1 7 17 20 53
2.0 10 12 38 56 80
0.0 15 39 57
-2.5 0 13 40 78 93
2.5 3
3.0 4 8 18 37 71 89 97
-3.0 65
-3.5 5 24 55 96
3.5 33 43 47
-4.0 41
4.0 94
-4.5 14 52 69 92
4.5 22 54 68
5.0 19
-5.0 76 85
-5.5 23 36 48 59
5.5 31 82
6.0 35
-6.5 81
6.5 83 99
8.0 2
-8.0 45
-8.5 51 60
-10.0 26
-10.5 70
10.5 77
-13.0 63
14.0 58
-18.0 46
-20.5 67
-22.0 66
23.0 75
-23.5 88
24.0 84
26.5 9
30.5 6
38.0 27 74
-41.0 62
43.0 49
42.5 50
-45.0 44
-51.5 72
51.5 86
-61.0 21
77.0 25
80.0 95
-0.5 11 28 30
0.5 61 64 73
1.0 16 29 34 90
-1.0 87 91 98
1.5 32
-1.5 42 79
