2.0 12 18 38 80 99
0.0 15 39 73
-2.0 17
-2.5 0 7 20 40 42 69 78 92
2.5 32 57 87 89 90
3.0 43 97
-3.0 59
-3.5 5 55
3.5 10 19 33 47
4.0 3 37 56 94
-4.0 52
4.5 8 22
-4.5 36
5.0 4 82
-5.0 76 81 85
5.5 31 65 77
-6.0 23
6.0 96
-6.5 14 34 51 98
6.5 54
-7.0 45 48 93
7.5 1 2 35
-7.5 60
8.0 83
-8.5 13
-9.0 11
9.0 68
-11.0 70
-13.0 26
-16.0 63
-17.5 46
20.0 58
-21.0 88
-23.5 66
-24.5 67
24.0 75
26.0 9
26.5 84
31.5 6
31.0 74
37.5 50
38.0 27
-40.5 62
-43.0 44
-47.0 72
46.0 86
48.0 49
-54.0 21
70.0 95
74.0 25
-0.5 28 30
0.5 29 64
1.0 16 61
-1.0 41 91
-1.5 24 53 79
1.5 71
