0.0 15 18 24 29 30 39
-2.0 17 20 36 53 57
2.0 59
-2.5 0 7 40 78
2.5 19 65 89
3.0 43 82 90 97
-3.0 51
-3.5 5 42 55 98
3.5 8 31 33
-4.0 14 52
4.0 94 99
4.5 22 37
-5.0 76 85
5.5 3 77 87
-5.5 45 71
6.0 2 10
6.5 4
-6.5 60
7.5 32 35 54
-8.5 48 70
8.5 83
10.0 1
-10.0 11
-10.5 23 34
10.5 96
-11.0 63
-12.5 13
13.5 68
-15.0 26 67
18.5 9
-18.0 46
19.0 58
-21.0 88
-22.0 66
24.5 75
26.5 50
28.5 6
31.5 74
32.5 84
36.0 27 86
-43.5 44
46.0 49
-46.5 72
-49.0 21
-49.5 62
66.0 95
80.0 25
-0.5 28 56 91 92 93
0.5 38 61 64 73
1.0 16
-1.0 69
1.5 12 41 80
-1.5 47 79 81
