2.0 1 8 12 24
-2.0 7 18
0.0 14 15 39 41 51 73
-2.5 0 5 20 40 78
2.5 89
-3.0 23 47
3.0 31 43 81 90 97
3.5 2
-3.5 55
4.0 22 33 94
-4.0 42
-4.5 45 52
5.0 35 37 96
-5.0 60 76 85
5.5 77
6.0 10
-6.0 65
6.5 54
-7.0 98
7.0 99
7.5 4
-8.0 34
8.0 59 87
8.5 83
-9.0 57
-9.5 48
10.0 32
-10.0 63
-10.5 71
-11.0 67
-11.5 13
14.5 9
-14.5 11 26
-15.0 88
16.0 58
-20.5 66
-21.0 46
23.0 68
25.5 50 86
26.0 75
28.5 6
35.0 27
34.5 74
-38.5 72
38.0 84
45.0 49
-46.5 21
-48.0 44
-57.0 62
65.5 95
80.0 25
-0.5 3 28 91
0.5 29 36 61 64 69 82 92
1.0 16 80 93
-1.0 30 38 56 70
-1.5 17 53 79
1.5 19
