-2.0 7 53 93 98
2.0 12 36 69 70
0.0 15 28 39 80
-2.5 0 20 40 78 82
2.5 89 97 99
-3.0 8 31 38 45 47
3.0 24 43
3.5 10 33
-3.5 55 60
4.0 22 94
-4.5 18 23 52 65 96
4.5 37 54
-5.0 1 42 85
-5.5 76
-6.0 13
6.0 81
7.0 4
8.0 58
-8.0 71
8.5 32 77 83
9.5 87
-10.0 11 57
10.0 59
-10.5 48
-11.5 63
13.5 56
-13.5 67
-14.0 88
-14.5 46
15.5 9
-17.0 26
23.5 86
-24.5 66
24.0 68
25.5 75
26.0 27
29.0 50
-30.0 72
31.5 84
32.0 6
35.5 74
42.0 49
-45.5 44
-51.0 21
-53.5 62
64.5 95
88.5 25
0.5 3 5 64 73 92
-0.5 34
1.0 2 14 16 19 41 51 61
-1.0 30 91
-1.5 17 79
1.5 29 35 90
