-2.0 1 7 20 45 60
2.0 10 12
0.0 13 15 39 51 90
-2.5 0 40 78
2.5 3 14 29 54 89
-3.0 35 47 55
3.0 58 69 97 99
3.5 32 33 36 37 43 94
-3.5 38 41
4.0 24
4.5 22 65
-4.5 23 52 57
-5.0 82
5.5 4 34
-5.5 11 42 76 96
6.0 59
-6.5 18 98
6.5 77 81
7.5 83
9.5 87
-10.5 8 46
-11.5 48
-13.5 63
-16.5 88
18.5 9
-18.5 67
-21.5 26
22.5 27 68
23.0 84
23.5 86
24.5 56
25.0 6
25.5 75
-30.5 66
-33.0 72
-36.0 44
37.0 74
41.0 50
46.0 49
48.5 95
-51.5 62
-54.0 21
94.5 25
-0.5 2 28 30 80 93
0.5 64 73
1.0 5 16 61
-1.0 31 70 71 91 92
-1.5 17 53 79 85
1.5 19
