0.0 2 15 39
-2.0 7 20 40 90
2.0 12
-2.5 0 78
2.5 19 37 89 97
3.0 13 36 43 71 96
-3.0 47 51 55 77 92
3.5 4 10 29 33 85
-3.5 23 38
4.0 14 24 65 81 94
4.5 22 69
-4.5 52
5.0 70 95
-5.0 76
-5.5 42
5.5 58 93
6.0 34
-6.5 35 82
6.5 83
7.0 1 99
-7.0 98
7.5 59
8.0 87
-8.5 18
-10.0 46
-11.0 41
11.5 3
-12.0 48
-14.0 67
-15.0 8 88
16.5 9
-16.0 63
20.0 68
21.5 6
21.0 75
23.5 86
25.0 27
-27.5 26
28.0 84
29.0 56
-33.5 44
32.5 74
-36.0 72
-39.0 66
41.0 49
42.0 50
-44.5 62
-57.5 21
99.0 25
0.5 5 11 61 64 73
-0.5 28 30 91
1.0 16 54
-1.0 17 32 45
1.5 31 57
-1.5 53 60 79 80
