2.0 12
0.0 15 34 39 73 81
-2.0 38 40 80
-2.5 0 7 20 78
2.5 31 89 97
3.0 24 43
-3.0 32 47
3.5 19 33 99
-3.5 55
-4.0 90
4.0 94
-4.5 52
4.5 83
5.0 14 29 59 69 87
-5.0 65 76 92
-5.5 42
6.0 10 85
-6.5 51
8.0 70
-8.5 35
-9.0 46
-9.5 41
10.0 1
-10.0 18 63
-10.5 77
10.5 96
-12.0 48
12.0 58 93
-12.5 98
-13.0 88
-15.5 67
15.5 68
-18.5 8
20.0 9
20.5 56
21.5 75 86
22.5 3
22.0 27
27.0 6
-27.0 26 72
27.5 84
-33.5 44
-34.5 66
-36.5 62
39.0 50
44.0 74
48.5 49
-50.5 21
98.0 25
0.5 5 61 64 71
-0.5 23 28 45 82 91
1.0 4 11 13 16 54
-1.0 30 60
1.5 2 36 37 57 95
-1.5 17 22 53 79
