0.0 1 16 35 40 78
-2.0 12 25 39 41 61 72 82 94
2.0 13 90
-2.5 8 21 26
2.5 57 98
-3.0 5 46 48
3.0 44 87 91
-3.5 0
3.5 34 47 69 79
-4.0 80
4.5 22 38 65
-4.5 23 53
-5.0 43 77
5.5 4 15 55 60
-5.5 59 70
-6.0 86 97
6.5 30 71 96
-6.5 88
-7.0 2
7.5 36
8.5 84
-9.0 52
9.5 49
-10.0 6
-10.5 14 19 58
10.5 33
-11.5 62
12.0 32 42
-12.0 45
-13.0 66
-13.5 56
14.5 95
15.0 85
-19.5 83
-20.0 68
21.0 28
24.0 51
-25.5 9
-28.0 24
-30.0 27
-32.5 17 73
-35.0 89
-36.5 76
40.5 99
49.0 75
51.5 50
-54.5 67
59.0 10
66.5 7
-72.5 63
-0.5 3 11 29 31 92
0.5 37 64 74 81 93
1.0 20
-1.5 18 54
