-2.0 4 7 40 53
2.0 12 24
0.0 15 38 39 59
2.5 1 70 89 99
-2.5 20 78 80
-3.0 0 47 95
3.0 43 54 83 97
3.5 33
-3.5 55
4.0 2 94
-4.0 22 52 81
-4.5 57
-5.0 13 42 76 90
5.0 19 69
5.5 29 85
6.0 14
-6.0 65
6.5 10 31
-6.5 46
-7.0 71 92
7.5 11 23 96
-7.5 34
-8.0 8
8.0 58
-8.5 41 51
9.0 27
-9.0 35
-10.0 63
-10.5 18
11.5 68
-12.0 48
-14.5 88
-16.5 77
17.0 93
-17.5 98
-19.5 67
19.0 86
21.5 9
-22.5 26
22.0 56
23.0 84
24.5 3
-24.0 72
26.5 75
-27.0 66
-33.5 62
34.0 50
36.0 6
-36.0 44
46.0 74
-49.0 21
54.5 49
97.0 25
0.5 5 61 64 73
-0.5 28 30 32 36 45 82
1.0 16 37
-1.0 60 91
-1.5 17 79
1.5 87
