-2.0 7 20 40 60
2.0 12
0.0 15 39 73
-2.5 0 78 80 96
2.5 89
3.0 8 43 65 97
-3.0 36 47
3.5 31 33
-3.5 55
4.0 10 94
-4.5 4 22 42 52
4.5 32 99
-5.0 1 76 90
5.0 54 69
5.5 19
-5.5 41
6.0 14 58
-6.0 59
6.5 2 11 29
-6.5 81 95
-7.0 35
-7.5 92
8.5 23
-8.5 46 51
-9.5 63
-10.0 18 57
10.0 93
-10.5 13 34 71
11.0 27
-11.5 48 82
11.5 85
14.0 68
18.5 3
-18.5 98
19.0 9
-19.5 77
20.0 86
-20.5 88
-22.0 26
-23.5 67
-24.0 66
-24.5 72
26.0 56
-29.0 62
29.5 84
30.0 50
30.5 75
-34.0 44
36.0 6
45.5 74
-51.0 21
57.0 49
99.5 25
0.5 5 24 37 61 64 70
-0.5 28 45 91
1.0 16 83
-1.0 30
-1.5 17 53 79 87
1.5 38
