-2.0 7 20
2.0 10 12 38
0.0 15 39 73
-2.5 0 40 78 80
2.5 89
3.0 31 43 97
-3.0 47 55 60
3.5 33 70
-3.5 35 90
4.0 8 27 94
-4.0 42
4.5 21 69
-4.5 22 52 87
-5.0 36 76
5.0 99
5.5 14 19 23 65
-6.0 51 81
-6.5 1 92 96
6.5 29
-7.0 4 34 71
7.0 54 58
7.5 11
8.0 2
-8.0 95
-8.5 57
-9.0 18
9.0 32
-10.0 59 63
-11.0 48
-12.5 13 82
-14.5 98
16.5 85 93
18.0 68
-18.5 77
19.5 3
-21.5 26
-21.0 67
-23.5 66
24.0 9 86
-25.5 88
27.5 75
29.0 50
33.5 6 84
34.0 56
-35.0 62
-37.0 44
-36.0 72
50.5 74
62.0 49
95.5 25
-0.5 28 30 83 91
0.5 61 64
1.0 5 16 37
-1.0 45
-1.5 17 24 41 46 53 79
