-2.0 7 20 45 53 57 83 90
2.0 12 71
0.0 15 39 73
-2.5 0 40 80 81
2.5 89 97
3.0 10 43
-3.0 24 42 47 51 65
3.5 46 70
-3.5 55
-4.0 22
4.0 33 69 94
4.5 14 21
-4.5 52 60
5.0 19 99
-5.0 76 92
6.0 29
-6.0 36 87
-6.5 1 95
6.5 11
-7.0 18
7.5 2 54
8.0 58
-8.5 4
9.0 23 31
-9.5 13
10.0 32
-10.0 48 63
-10.5 59
-11.0 82
11.5 93
-12.5 41 77
12.5 86
17.5 9
18.5 85
20.0 3
-21.5 98
-22.0 26
22.0 75
-23.0 67
23.0 68
-25.5 88
-27.0 66
28.5 50
33.5 56
39.5 84
-43.5 62
-43.0 72
-45.5 44
47.0 6
52.0 74
65.0 49
96.0 25
-0.5 28 91
0.5 34 64 96
1.0 5 16 27 35 61
-1.0 30
-1.5 8 17 78 79
1.5 37 38
