0.0 11 15 27 38 39 51 90
2.0 12 89
-2.0 16 17 20 53 79
-2.5 0 7 40 42 80
2.5 37 57 97
3.0 23 69
-3.0 45 47 92 95
-3.5 13 55 83
3.5 14 19 33 43 46
-4.0 1
4.0 94
4.5 21 35
-4.5 22 24 52
-5.0 18 76
5.0 99
5.5 10 29 70
6.0 2 34 54
-6.0 36 60
-6.5 87
7.0 32
-7.0 65
-7.5 59
8.5 9
-8.5 48
-9.0 4 82
9.0 96
-9.5 8
9.5 93
10.0 86
-12.5 63
13.0 85
-13.5 77
15.0 31
-19.0 41
-20.0 98
-21.5 88
-22.5 67
23.5 68
25.0 3
26.5 75
27.5 50
-29.5 66
-32.0 26
38.5 56
-39.0 62
40.5 84
-50.5 44
-51.5 72
54.0 6
55.0 74
66.5 49
0.5 25 61 64 73
-0.5 28 71 91
1.0 5 78
-1.0 30 58
1.5 81
