-2.0 7 11 20 38 59 80
2.0 12 14 90
0.0 15 39 57
-2.5 0 18 25 40
2.5 19 89
-3.0 1 47 78
3.0 43 46 97
3.5 2 33 37 54
-3.5 55
-4.0 22 83
4.0 94
4.5 21 29 99
-4.5 36 45 52 71
-5.0 24 76 87
5.0 34
5.5 81
6.0 56
6.5 9 10
7.0 35 93
-7.0 48
-7.5 60
-8.5 4 16
8.5 70
-9.5 63
9.5 96
11.5 86
-12.0 8 88
-14.0 77
14.5 85
-15.0 98
18.0 31
-20.5 41 82
-22.0 26
-22.5 67
23.5 50
23.0 68
-28.0 66
28.5 75
34.5 3
-36.5 62
-47.0 44
47.5 74
47.0 84
-55.5 72
56.0 6
67.5 49
0.5 5 58 61 64 73
-0.5 28
1.0 23 51 65
-1.0 27 30 91 92
1.5 13 32 69 95
-1.5 17 42 53 79
