-2.0 11 20 40 53
2.0 12
0.0 15 23 39 58 69
-2.5 0 7 32 36
2.5 13 89 97
3.0 43 46 90
-3.0 47 87
3.5 29 33 56 59
-3.5 38 55
-4.0 22 27 52 71
4.0 94
-4.5 1 25 63 83
4.5 10 21 37 99
-5.0 24 76
5.0 95
-5.5 45 48
6.0 65
6.5 81
-7.0 4 57
-7.5 16 78
8.0 35
-8.5 60
8.5 70
-9.0 88
-10.5 8
11.0 9
13.0 93
-13.0 98
13.5 85
14.5 86
-15.5 67
16.5 68
-17.0 77
-20.5 26
20.5 31
-22.5 82
-23.0 41
-24.0 66
31.5 75
33.0 3
32.0 50
-41.5 62
-42.0 44
43.5 74
45.5 84
51.5 6
-55.5 72
70.5 49
0.5 5 14 61 64 73 92 96
-0.5 18 28 42 51 91
1.0 2
-1.0 30 34
-1.5 17 79 80
1.5 19 54
