-2.0 7 11 69
2.0 12 29 58 89
0.0 15 36 39 42
-2.5 0 20 32 40
2.5 10 70
3.0 43 63 90 97
-3.0 47
3.5 33 46
-3.5 38 51 55
-4.0 22 24 48
4.0 56 94
-4.5 4 52 83
4.5 21 99
-5.0 16 76
5.0 37 81
-6.5 1 96
6.5 35 93
-7.0 45 78
7.0 59 95
-7.5 25
-8.0 34
-8.5 27
-9.0 60 98
10.0 68
-10.0 88
-10.5 57
-11.5 8
13.0 86
15.0 85
15.5 9
-20.0 67
21.5 31
-22.5 77
-23.0 26
26.5 50
-26.0 66
-27.0 82
-28.0 41
28.0 75
-39.0 44
41.5 3
-41.5 62
-44.0 72
45.5 84
49.0 74
54.0 6
69.0 49
-0.5 2 14 23 28 30 80
0.5 5 64 73 87 92
-1.0 13 65 91
1.0 19 54 61 71
-1.5 17 53 79
1.5 18
