0.0 2 15 39 80
-2.0 4 7 20
2.0 36 90
-2.5 0 11 24 38 40 48 58 96
2.5 10 18 63 68 85 89
3.0 35 43 94 97
-3.0 47 55
-3.5 25 69 78 83
3.5 33 46 70
4.0 87
-4.5 16 22 52
4.5 21 37 56 71 99
-5.0 76
5.0 93
6.0 95
-6.5 57
6.5 59
-7.0 1 51 65
-7.5 13 98
-8.0 45
-9.0 60
10.5 9
13.0 86
-13.5 8
-14.5 88
-17.0 27
20.5 31
22.5 50
-22.0 67
-26.5 77
-26.0 82
-27.5 26
-30.0 66
-31.5 41
32.5 75
-39.5 72
-43.0 62
44.0 3
-48.5 44
51.0 74
51.5 84
53.5 6
67.0 49
0.5 5 42 61 73
-0.5 30 34 91 92
-1.0 28
1.0 29 64 81
1.5 12 19 32 54
-1.5 14 17 23 53 79
