0.0 5 35 40 64
-2.0 12 26 39 48 54 58 80
2.0 20
-2.5 1 8 21 41
2.5 90
3.0 19 37 44 55 98
-3.0 56 84
-3.5 0
3.5 34 47
4.0 11 38 97
-4.0 53 99
4.5 22 57 72 96
-4.5 23 70
-5.0 24 66 77
5.0 33 60
-6.0 2
6.0 88
6.5 69
-8.0 17
-8.5 46 52 59
8.5 71
-9.0 61
10.0 10
-11.0 14
11.0 65
12.0 94
13.0 87
-15.5 89
-18.0 28
-19.0 9
-23.5 27
24.0 51
-24.5 78 83
-26.5 68
30.5 32
-33.0 67
-35.0 42
35.5 76
-41.5 73
-42.5 63
46.0 4
-49.5 45
49.0 85
54.0 7
55.0 75
68.5 50
0.5 3 6 16 30 36 43 74 81 95
-0.5 29 31 79
1.0 62 86 91
1.5 13
-1.5 15 18 25 49 82 92 93
