-2.0 12 41 46 97
0.0 16 35 40 74 81 93
2.0 57 71
-2.5 4 8 21 61 86
2.5 90
-3.0 25 45
3.0 47 60 91 98
-3.5 0 11 48
3.5 44
4.0 34 69
-4.0 53 80
-4.5 5 23 26 82 87
4.5 22 38
5.0 15 55
-5.0 43 70 77 94
5.5 96
6.5 30 36 49
-6.5 88
-7.0 2
-7.5 14
8.0 79
8.5 84
9.0 33
-9.0 52 62
-10.0 6 19
-10.5 58 59
12.0 65
-13.0 66
13.5 32
-13.5 56
14.0 42
15.5 85
17.5 95
-20.0 83
22.5 51
-24.5 68
26.0 28
-27.5 9
-28.5 24
-30.0 73
-33.5 76
-33.0 89
-35.0 17
-36.0 27
38.0 99
53.5 75
55.5 50
-55.0 67
62.5 10
73.5 7
-72.0 63
0.5 1 3 37 64
-0.5 92
1.0 20 78
-1.0 29 31 39
1.5 13 72
-1.5 18 54
