-2.0 12 21 84
2.0 13 90
0.0 16 25 30 35 39 40 49 72 79 96
-2.5 1 41 48
2.5 5
-3.0 0 99
3.0 3 19 20 38 44 58 98
-3.5 2 36 65 86
3.5 37 47
4.0 34
-4.0 93
4.5 22 57 69
-4.5 23 53
5.0 55 66
-5.5 77 82
-6.0 70
6.5 11 71
-7.0 26
-8.0 61
8.0 88
-9.0 46 52 76
-9.5 24
9.5 33
10.0 87
11.0 97
-13.0 14 17
-15.5 78
-16.0 28
-17.0 59
17.0 94
-19.0 89
-22.0 9
24.0 10
-25.5 83
-27.0 27
-31.0 42 68
35.0 32
-38.5 67
-41.0 73
42.5 51
46.5 85
-51.5 63
50.5 75
52.5 4
54.5 7
-62.0 45
70.5 50
-0.5 29 31 60
0.5 43 74
1.0 6 56 62 81
-1.0 18 64 91 92 95
-1.5 8 15 54 80
