-2.0 8 21 41 46
2.0 13 57
0.0 16 31 35 40 81 93
-2.5 12
2.5 72 90 98
3.0 34 44
-3.0 48 51 61
-3.5 0 25 45
3.5 91
4.0 22 47 69
-4.0 23 80
-4.5 11 53 70
4.5 49 96
-5.0 5 43 77 82 94
5.0 15 38
-5.5 14
-6.0 36 87
-6.5 2 88
6.5 30
7.0 55
8.0 33 84
-8.5 52
-9.0 6 58 62
-10.0 19
10.0 79
-10.5 59
11.5 65
13.0 42
-13.0 66
13.5 32
-13.5 56
-18.0 83
18.0 85
22.0 95
24.5 28
-25.5 9 68
-28.5 73
-29.5 24
-32.5 17 76
-32.0 89
37.5 99
-39.0 27
52.5 75
-54.0 67
58.0 50
62.5 10
72.5 7
-73.5 63
-0.5 4 39
0.5 37 64 74 97
1.0 3 78
-1.0 29 92
1.5 1 20 60 71
-1.5 18 26 54 86
