2.0 13 57
0.0 16 29 35 39 40 60 71 81
-2.0 41 46 54
-2.5 8 12
2.5 86 90 98
-3.0 21 48
3.0 44 91 97
3.5 34 47
-3.5 45 61
-4.0 0 6 14 23 25 70 80
4.0 69 72 96
4.5 4 15 22
-4.5 53 77
5.0 38
-5.5 43
-6.0 5 11 36 82 87 88
-6.5 2 26
6.5 30 79
7.0 33 55
-8.0 52 58 59 62
8.0 84
-9.5 19
-10.0 56
10.0 65
10.5 42
-13.0 66
14.0 32
-15.0 83
16.5 85
21.0 28
-24.5 68
24.0 95
-28.5 73
-29.0 9
-30.0 24
-30.5 89
-32.0 76
-35.5 17
36.0 99
-40.0 27
-51.5 67
55.5 75
59.5 10
60.0 50
73.5 7
-73.5 63
0.5 1 37 64 74
-0.5 31 49 78 93
-1.0 51 92
1.5 3 20 94
-1.5 18
