2.0 3 13
-2.0 6 12 21
0.0 16 35 40
-2.5 8 14 41 71
2.5 90 98
-3.0 45 48
3.0 91 96
-3.5 0 70
3.5 34 44 69 79 86
-4.0 25 61 80
4.0 47
4.5 15 22 72
-4.5 23 26 53 87
5.0 38
-5.5 2 43 77 88
5.5 33 97
-6.0 36 58
-6.5 5 82
6.5 30 65
-7.0 11
-7.5 52
8.0 84
8.5 4
-9.5 19
9.5 55
-10.0 59 62
-11.5 56
13.0 42
-13.0 66
-13.5 83
14.5 32
18.5 28 85
-23.0 68
24.0 95
-27.0 76
-29.0 17 24
-30.0 73
-33.5 9
-32.0 89
35.0 99
-37.5 27
-49.5 67
57.0 10
56.5 75
59.5 50
73.0 7
-78.0 63
0.5 1 37 39 51 64 74
-0.5 29 31 81
-1.0 49 78 92 93
-1.5 18 46 54 60
1.5 20 57 94
