-2.0 8 12 54
0.0 16 29 37 40 74
2.0 20 90 96
2.5 3 51 65 94 98
-2.5 26 41
3.0 47 91
-3.0 60
3.5 34 44 69
-3.5 45 48 70
-4.0 0 6 58 61 78 80
4.0 15
4.5 22 33 38 86
-4.5 23 25 53 71
-5.0 2 77
5.0 72
-5.5 36 43 87 88
5.5 79
6.0 30
-6.5 52 56 82
-7.0 5 62
7.5 84
-8.0 11
8.0 97
9.0 4
-9.0 19
11.0 55
-13.0 66
13.5 42
-14.0 59
15.0 32
-15.5 83
21.0 28
21.5 85
-23.0 76
23.5 95
-24.5 68
-25.0 17
-26.5 24
-28.0 73
30.5 99
-31.0 9
-33.5 89
-37.0 27
-48.5 67
53.5 10
54.0 75
59.0 50
69.5 7
-79.0 63
-0.5 31 81
0.5 35 64
1.0 1 39 49
-1.0 14
1.5 13 57
-1.5 18 21 46 92 93
