-2.0 8 21 41 58 65 93
2.0 13 20 94
0.0 16 35 40 74
-2.5 12 26 48 70
2.5 79 90 91 98
-3.0 6 87
3.0 33 44
-3.5 0 45
3.5 3 15 34 47
-4.0 23 80
-4.5 2 25 53 60 61 78
4.5 22 38 51 69
-5.0 36 88
5.0 72 86
5.5 4
-5.5 43 77
6.0 30
-6.0 52 56 71
-6.5 82
-7.0 5
7.5 84
-8.5 11 19
8.5 55
-10.0 62
10.0 97
-11.5 83
-13.0 66
13.5 32
15.0 42
-16.5 59
18.5 28
-20.0 76
-21.5 17
21.5 85
22.5 95
-26.5 73
-27.0 24
-28.0 9
-28.5 68
31.5 99
-33.5 89
-35.5 27
-50.5 67
53.0 10
55.5 50 75
69.0 7
-83.0 63
0.5 1 14 64
-0.5 29 81
-1.0 31 46 92
1.0 37 49 96
-1.5 18 54
1.5 39 57
