-2.0 12 41 87
2.0 13 49 86 94
0.0 16 35 37 40 74
-2.5 8 70 93
2.5 20 90 91 98
-3.0 21 45 48
3.0 44
-3.5 0
3.5 15 34 47
-4.0 2 6 23 56 80 88
4.0 3 69
4.5 22 38 72
-4.5 53 78
-5.0 25 36 52 61 65
5.0 55
-5.5 43 77
6.0 30 51
-6.0 60
-6.5 82
7.0 84
-7.5 5
-8.5 19 71
-9.0 11
-9.5 83
11.0 97
-13.0 66
14.0 42
14.5 32
-16.0 59
-16.5 62
17.5 28
-18.0 76
20.0 95
21.5 85
-23.5 17
-25.5 9 24
-29.5 68 73
34.5 99
-36.5 89
-40.5 27
-49.5 67
50.0 50
55.0 10
54.0 75
71.0 7
-82.0 63
0.5 1 4 26 64
-0.5 29 58 96
-1.0 31 46 79 81 92
1.5 14 33 39 57
-1.5 18 54
