-2.0 8 21 70
2.0 13 39 91
0.0 16 29 35 40 74
-2.5 4 12 41 48 56
2.5 14 26 90 98
3.0 15 20 47
-3.0 93
-3.5 0 2 45 88
3.5 44 69
-4.0 23 52 80
4.0 34 72
4.5 3 22 38
-4.5 6 36 53
-5.0 25
5.0 49
5.5 30 55
-5.5 43 61 77
-6.0 78
-6.5 65 82
6.5 84
-7.0 60
7.5 51
-8.0 5 19
-8.5 71 83
-9.5 11
11.0 97
11.5 42
12.5 32
-12.5 66
13.5 28
-15.0 76
-15.5 59 67
-20.0 62
21.0 95
-23.0 24
-24.5 17
25.0 85
-26.5 9
-31.5 68
-31.0 73
32.0 99
-35.0 89
-42.0 27
51.5 50
54.5 10
54.0 75
71.0 7
-82.0 63
0.5 33 37 64 79 87 94
1.0 1 57 58
-1.0 18 31 46 81 86 92
-1.5 54 96
