-2.0 12 21 41 54
2.0 13 39 90
0.0 16 29 35 40 97
-2.5 8 87 94 96
2.5 15 58 98
-3.0 2 45 48 52 88
3.0 14 20 72
-3.5 0 93
3.5 34 44 47 69
-4.0 23 36 53 80
4.5 22 38
5.0 3
-5.0 6 25 67 77
5.5 30
-5.5 43 61
-6.0 82
-6.5 65
6.5 84
7.0 55
-7.0 78
-7.5 19
-8.5 5 60 71 83
9.0 49 51
-9.5 11
10.5 28
11.5 42
-12.5 66
-14.0 76
16.5 32
-16.0 59
-20.5 62
21.5 95
-22.5 24
-24.0 17
-30.0 9
-30.5 73
30.0 99
31.5 85
-34.5 68
-34.0 89
-40.0 27
54.5 10 50
57.5 75
70.5 7
-84.0 63
0.5 1 37 64 74 79
-0.5 31 46 92
-1.0 4 18 33 81
1.0 57
-1.5 26 56 70 86
1.5 91
