-2.0 8 33 54 87 88
2.0 13 15 39 72
0.0 16 35 40 74
-2.5 12 21 26 41 52
2.5 90 98
-3.0 2 45 48 86
3.0 14 47 58
-3.5 0 36 96
3.5 4 20 34 44 69
4.0 22 38
-4.0 80 93
-4.5 23 53 65 67 94 97
-5.0 25 77 82
5.5 30
-5.5 43
6.0 3 84
-6.0 6 61
-7.0 19 71
7.0 49 55
-8.0 83
-8.5 5
-9.5 11 60 78
10.0 51
-10.5 76
-12.0 66
13.0 42
13.5 28
15.5 85
-18.5 59
19.0 32
20.5 95
-21.5 17 24
-23.5 62
27.0 99
-29.5 73
-30.5 9
-35.0 68
-34.5 89
-41.0 27
54.5 75
57.5 10
56.5 50
71.5 7
-82.5 63
-0.5 29 46 79 92
0.5 37 64
1.0 1 57 91
-1.0 31 70
-1.5 18 56 81
