0.0 1 16 35 40 74 85
-2.0 8 41
2.0 15 39 90
-2.5 12 21
2.5 98
-3.0 2 36 45 48 86 94
3.0 3 14 44 47 55 58
-3.5 0
4.0 20 34 38
-4.0 23 80 97
4.5 22 69
-4.5 53 82 93 96
-5.0 25 33 67 77
5.0 30
-5.5 43
5.5 84
-6.0 6 19 76
-6.5 61
-7.5 71
8.0 4
-9.0 5 78
-9.5 11
10.0 49
-10.0 60
10.5 51
-10.5 83
-12.0 66
12.5 42
16.0 28 32
-17.5 24
-18.0 17
19.5 95
-20.5 59
-23.0 62
-26.0 73
26.0 99
-32.5 9
-33.5 68
-36.0 89
-40.5 27
54.5 75
56.0 50
61.5 10
71.0 7
-78.5 63
0.5 37 64 72 91
-0.5 46 79
1.0 26 57
-1.0 29 31 65 70 88 92
1.5 13 56
-1.5 18 52 54 81 87
