-2.0 8 12 60 99
0.0 16 30 35 40
2.0 90
-2.5 1 21 41 48
2.5 19 47 98
-3.0 2 64
3.0 38 44 58 69 71
-3.5 0
3.5 3 5 20 34 37
-4.0 86 95
4.5 22
-4.5 23 36 53 77 93
5.0 57
6.0 55
-6.0 65 70 82
6.5 11 66 87
-7.0 24
-7.5 61
-8.0 26
-8.5 52
9.0 88
-9.5 46
10.0 33
11.0 97
-12.0 76
-12.5 14
-15.0 17 28 78
16.5 94
-17.5 59
-19.0 89
-24.0 9
27.0 10
-27.0 83
-28.5 27
-29.0 68
-30.0 42
32.0 32
-37.5 67
-39.0 73
40.5 51
47.0 85
50.0 4
50.5 75
-53.0 63
54.5 7
-61.5 45
67.0 50
0.5 25 39 43 49 74
-0.5 29 31 56 79
1.0 6 62 81
-1.0 54 72 92 96
1.5 13
-1.5 15 18 80 84 91
