-2.0 8 12 18 36 41 79
2.0 13 26 39 90
0.0 29 35 37 40 74 91
-34.0 9
-35.0 89
-38.0 68
2.5 14 58 98
-2.5 21 48 63
-40.0 27
-3.0 2 45 87
3.0 56
54.0 75
-3.5 0 82 97
57.5 10
3.5 34 38 44 47 65 69
56.0 50
-4.0 6 80
4.0 20 22
-4.5 23 53 86
77.0 7
-5.0 25 67 93
5.0 30 84
-5.5 19 43 71 77 96
-6.5 61 76
0.5 16 64
-0.5 31 46 52 70 88 94
-8.5 33
9.0 4
-9.0 5 11
9.5 42
10.5 49
-10.5 60 83
11.0 51
-11.5 66
12.5 32
-14.0 24 78
1.0 1 3 57
16.5 28
-1.0 72 92
-17.0 17
-21.0 59
21.0 95
-23.5 62
1.5 15 55 85
-1.5 54 81
25.0 99
-29.0 73
