-2.0 8 12 21 81
2.0 13 39
0.0 16 35 37 40 52 55 63 70 74
-2.5 41 54 72 82
2.5 47 90
-3.0 6 45 97
3.0 26 98
-3.5 0 2 48
3.5 30 34 38 44 69
4.0 56
-4.0 80
4.5 20 22
-4.5 23 53 86
-5.0 19 25 67 77
5.0 84
-5.5 43 83 87 93
6.5 4
-6.5 96
7.0 42
-7.0 61
7.5 65
-7.5 71
-8.0 11
-9.0 5
-9.5 33
9.5 49
11.0 51
-11.0 60 76
-11.5 66
13.5 32
-14.5 78
-15.0 24
-16.0 17
19.5 28
-21.5 59
21.5 95
22.0 99
-24.0 62
-31.0 9
-31.5 73
-35.0 89
-38.5 27
-39.0 68
53.5 75
57.0 10
56.0 50
82.0 7
0.5 1 64 88
-0.5 29 46 91
1.0 3 15 57
-1.0 31 79 92
1.5 14 58 85 94
-1.5 18 36
