-2.0 8 12 21 41 81
2.0 13 90
0.0 35 37 40 83 85
-41.0 68
2.5 94 98
-2.5 97
-43.0 27
-3.0 6 45 48
3.0 38 47
52.5 75
-3.5 0 72
3.5 26 34 69
59.5 10
58.5 50
-4.0 2 80
4.0 44
-4.5 19 23 25 53
4.5 20 22 84
81.0 7
-5.0 67 77
-5.5 43
-6.0 71 93
-7.0 11 96
7.5 42
-7.5 61
0.5 14 15 16 29 52 58 63 64 70 74
-0.5 30 46 55 87
-9.0 5
-9.5 33 76
10.5 51 65
-11.0 60 66
-11.5 24
-13.0 17
13.0 49
-15.0 78
15.5 32
1.0 1 3 57
-1.0 31 36 91
17.0 99
21.5 28
21.0 95
-22.0 62
1.5 4 39 56 79 86 88
-1.5 18 54 82 92
-26.0 59
-29.5 9
-30.5 89
-31.0 73
