-2.0 4 8 12 18 41 81 85 87 97
2.0 13
0.0 16 35 37 40
-2.5 21
2.5 79 83 86 88 90 98
3.0 38 44 47
-3.0 48
-3.5 0 45
3.5 34
-4.0 19 23 53 80
4.0 84
-4.5 2 25 72
4.5 22 69
5.0 20 63
-5.0 43 67
-5.5 71
-6.0 6 11 77
-6.5 17 93
-7.5 61 96
-8.5 24
-9.0 5
9.5 42
10.0 51
-10.0 76
-10.5 33 66
-11.0 60
12.0 65
12.5 49
16.5 32
-16.0 78
19.5 99
21.0 95
24.0 28
-25.5 59 62
-29.5 89
-33.0 9
-33.5 73
-41.0 68
-43.5 27
52.5 75
57.0 50
58.0 10
84.5 7
0.5 1 3 15 64 74
-0.5 14 26 29 36 46 56 82
-1.0 30 31 92
1.0 52 55 57 70 94
1.5 39
-1.5 54 58 91
