-2.0 8 12 14 21 41 54 81 91
2.0 13
0.0 15 16 35 36 40 56
-34.0 9
-35.5 73
-2.5 17 94
2.5 38 90
-44.5 27
-44.0 68
-3.0 45 48 58
3.0 79 88 98
54.5 75
-3.5 0 19
3.5 34 47 55 84
58.5 10
59.0 50
-4.0 25 71 80 85
4.0 44 69 86
4.5 22
-4.5 23 53
-5.0 2 11 43 67 72
5.0 20 83
85.5 7
-5.5 77
-6.5 24
-7.0 6 76 93
0.5 3 57 64 74
-0.5 29 30 31 46 87 92
-8.0 61 96
8.5 51
-9.0 5
-9.5 33
-10.5 60 66
11.0 63
11.5 42 65
12.5 32
14.0 49
-15.5 78
1.0 1 26 37 39 52 70 82
-1.0 18
20.0 95
22.0 99
-1.5 4 97
-24.5 59
26.5 28
-27.5 89
-31.0 62
