-32.0 9
2.0 13 82 90
0.0 15 16 35 40
-36.5 73
2.5 4 38 47
-2.5 8 12 19 21 41 81 91
-43.0 27
-42.5 68
3.0 44 84
-3.5 0 14 45 48
3.5 34 92 98
57.5 75
58.0 10
60.0 50
-4.0 11 25 80
4.0 69 79 88
4.5 22
-4.5 23 53
-5.0 43 58 67 76 85 94
85.0 7
-5.5 2 72 77
5.5 20
-6.0 24
6.0 86
-6.5 17 33 71
7.0 51
-7.0 93
0.5 1 3 37 39 57 64 74
-8.0 6 61 96
-0.5 26 29 31 46
8.0 83
-8.5 5
9.5 65
10.0 42 63
-10.0 60 66
11.5 32
-12.5 78
15.0 49
-1.0 30 54 97
1.0 36 52 56
21.0 95
22.0 99
-1.5 18
1.5 55 70 87
-25.0 59
29.5 28
-30.5 62 89
