0.0 3 16 29 35 39 40
-2.0 8 19 41
-32.5 9
33.0 28
2.0 38 70 90
-37.0 73
-2.5 11 12 21 81
2.5 84
-43.0 27
-43.5 68
-3.0 45 48 56 91
3.0 82 98
55.0 75
-3.5 25 55
3.5 34 44 47
60.0 10
61.5 50
-4.0 0 53 80
4.0 69
4.5 22 88
-4.5 23 33
82.5 7
-5.0 43 67 72 77 85
5.0 79
-5.5 14
5.5 20 51 65
-6.0 2
6.0 86
-6.5 17 24
7.0 4 83
-7.0 58 93
0.5 1 57 64 74
-0.5 15 46 97
-8.0 71 96
-8.5 5 6 61
9.0 42
-9.0 60 78
-9.5 66 76 94
10.5 32 63
1.0 26 37 52 92
-1.0 30 31 54
18.5 49 99
-20.5 59
1.5 13 36
-1.5 18 87
24.0 95
-30.5 62
-30.0 89
