0.0 3 16 35 39 40 74 97
-2.0 12
2.0 13 36 38 70 84
-2.5 8 21 41 81 87
2.5 26 90
3.0 44 98
-3.0 45
-3.5 0 25 48 85 91
3.5 34 47 51 69 79
-4.0 6 80
4.0 82
4.5 22
-4.5 23 43 53 72
-5.0 17 67
5.5 20 32 88
-5.5 33 77 78
6.0 42
-6.0 55 92
-6.5 2
-7.0 14
-7.5 93 96
-8.0 5 60 71
8.0 83
-8.5 58 61 94
-9.0 24 66 76
9.0 86
9.5 4
10.0 63
16.5 99
19.0 49
22.0 95
-25.0 59
-30.0 9
-30.5 62
31.0 28
-33.0 89
-38.0 73
-44.0 27
-44.5 68
55.0 75
61.0 10
64.0 50
83.0 7
-0.5 15 29 46
0.5 56 57 64
1.0 1 37 52
-1.0 30 31
-1.5 11 18 19 54
1.5 65
