-2.0 8 12 21 41
2.0 13 51 56
0.0 16 40 74
2.5 36 70 90 98
-2.5 65 81
-3.0 25 48
3.0 44 47
-3.5 0 6 17 45
3.5 69
-4.0 23 72 80 87 91
4.0 34
4.5 22
-4.5 43 53 67
5.0 32 82
5.5 20
-5.5 77
-6.5 55 60
6.5 88
-7.0 2
7.0 4 26
-7.5 5 76 93 94 96
-8.5 14 66 92
8.5 63
9.0 42 83
-9.0 61 71 78
-9.5 24
-10.0 58
15.5 86
18.5 99
19.0 49
22.5 95
-26.5 59
-29.0 9
32.0 28
-32.0 62
-36.0 89
-41.0 73
-42.5 27
-46.5 68
53.5 75
61.5 10
64.0 50
83.5 7
0.5 1 37 52 57 64 97
-0.5 3 11 31 35 39
-1.0 15 19 29 30 46 54
1.0 33
-1.5 18 85
1.5 38 79 84
