-2.0 8 41 54
2.0 13 90
0.0 16 35 37 40 51 52
32.5 28
-32.5 62
2.5 4 36 98
-2.5 6 12 25 72 81
-40.0 89
-42.0 73
-44.5 27 68
-3.0 21 45 48
3.0 44 69 70
54.5 75
-3.5 0
3.5 34 47 79
59.5 10
-4.0 23 80 91
65.0 50
4.5 22 26
-4.5 43 53 67 77
-5.0 55 60 87 92
85.5 7
5.5 20 82
-5.5 65
-7.0 2 5 96
7.0 32 88
7.5 83
-7.5 93
0.5 1 11 33 57 64 74 85
-0.5 19 56
-8.0 24 66 78
-9.0 61
9.0 63
-10.0 14 71
-10.5 58 76
-11.0 94
13.0 42
-1.0 3 15 17 18 29 30 31 39 46
1.0 97
17.5 49
19.5 86 99
1.5 38 84
25.5 95
-26.5 9
-27.5 59
