-2.0 8 12 21 54 80 91 96
2.0 13
0.0 29 30 35 40 99
-2.5 1 41 72
2.5 19 38 58 98
-3.0 2 48
3.0 37 90
3.5 34 44 47
-3.5 60 79 95
-4.0 0 23 53
4.0 3 5 20
4.5 22
5.0 57 71 87
-5.0 77 93
-5.5 36
6.5 11 55 66
-6.5 70 82
-7.0 24 65 86
-7.5 61
-8.0 26 52
-8.5 64
9.0 88
-9.5 46
10.5 33 97
-12.0 14 76
-13.0 17
-14.0 28
15.0 94
-16.0 78
-17.0 59
-20.0 89
-22.5 9
25.5 10
-25.5 83
-28.0 27
-30.0 42
31.0 32
-33.0 68
38.5 51
-40.0 67
-41.5 73
47.0 85
49.0 4
50.0 75
53.5 7
-55.0 63
-64.0 45
66.5 50
0.5 16 43 62 74
-0.5 69 92
1.0 6 25 39 49
-1.0 15 31 84
-1.5 18
1.5 56 81
