-2.0 12 21 25 51 54
2.0 13 33 92
0.0 16 19 29 35 37 40 74
-2.5 8 17 41 81
2.5 90
3.0 36 44 47 70 98
-3.0 48 87
-3.5 0 45 78
3.5 34 69
4.0 22
-4.0 23 43 60 80
-4.5 6 53 67 91
4.5 26
-5.0 55
5.5 20
-5.5 77
6.0 82
-6.5 5 96
-7.0 2 65 93
7.0 32 83
-7.5 66
7.5 88
-8.0 24
-9.0 61 94
-9.5 71
10.5 63
-11.0 14 58
12.0 42
-14.5 76
16.5 99
18.5 49
20.0 86
-25.5 9
-28.0 59
29.0 95
31.0 28
-32.0 62
-41.5 68
-42.5 73
-45.0 27
-44.0 89
54.5 75
59.5 10
62.0 50
83.0 7
0.5 1 57 64
-0.5 52
-1.0 3 30 31 46
1.0 38 79 84 97
-1.5 4 15 18 39 72
1.5 11 56 85
