-2.0 4 12 21 39
2.0 11 33 90
0.0 16 30 37 40 72
-2.5 8 17 41 60 78 81
2.5 98
3.0 36 44
-3.0 45 48
-3.5 0 51
3.5 34 47 69 70
-4.0 23 43 53 80
4.5 22 26
-4.5 91
-5.0 67 87
5.5 20 32 56
-5.5 77 96
-6.0 5 55
-6.5 65
6.5 82
-7.0 2 66 93
7.5 83
8.0 88 92
-8.0 94
-8.5 24
-9.0 61
-9.5 6
-10.5 58 71
-12.0 14
12.0 42
13.5 63
16.0 99
-17.5 76
20.5 86
-22.0 9
22.5 49
-28.5 59
31.5 28
-31.0 62
33.0 95
-39.5 27
-42.0 68
-43.0 89
-47.0 73
53.0 75
55.5 10
59.0 50
83.0 7
0.5 1 19 35 57 64 74 84
-0.5 29
-1.0 31 46
1.0 38 85
-1.5 3 15 18 25 52 54
1.5 13 79 97
