-2.0 3 18 21 41 54
2.0 13 90
0.0 16 29 40 84
-2.5 8 12 39 52 77 78 81
2.5 11
-3.0 17 45 48
3.0 98
-3.5 0
3.5 34 36 44 47
-4.0 23 43 65 80 87
4.0 70
4.5 22 69
-4.5 27 53 55 96
-5.0 51 67 91
-5.5 5
5.5 20
-6.0 24
6.0 83
-6.5 2 66 93 94
6.5 82
7.5 56
8.5 32 88
-9.0 61
9.0 92
-10.0 58
-10.5 71
-11.0 6
12.0 42
-12.5 14
12.5 63
16.5 99
-17.0 76
-18.0 9
19.5 49
24.0 86
-29.0 59
-29.5 62
31.5 95
33.5 28
-42.0 89
-44.0 68
-45.5 73
54.0 10
55.5 75
60.0 50
85.5 7
-0.5 30 85
0.5 35 37 57 64 74
1.0 1 19 38
-1.0 31 33 60
1.5 4 26 72 79 97
-1.5 15 25 46
