-2.0 3 12 21 41 77 78
2.0 13 26 90
0.0 16 35 40 65 74
-2.5 8 81 85
2.5 72
3.0 11 44 98
-3.0 27 39 45 52
-3.5 0 17 43 48 96
3.5 34 36 47 79
-4.0 23 80
4.0 69 70 92
4.5 22 83
-4.5 53
-5.0 5 55 67 91
5.5 20
-6.0 2 51 66
6.5 4
-6.5 6 93 94
7.0 56 82
-7.5 24
-8.5 58
-9.0 61
9.0 88
10.5 32
-11.5 71
-13.0 14
13.0 42
13.5 63
-17.5 76
19.5 99
-20.0 9
20.0 49
-26.0 59
26.0 86
-28.0 62
29.5 95
32.0 28
-43.5 68
-42.0 89
-48.5 73
55.0 10 75
61.5 50
85.0 7
0.5 1 37 38 57 64
-0.5 29 30 31 84
-1.0 25
1.0 60
-1.5 15 18 33 46 54 87
1.5 19 97
