-2.0 8 17 21 46 54 77
2.0 13 19 60
0.0 16 35 40 87
-2.5 3 12 27 81 96
3.0 11 90
-3.0 39 48
-3.5 0 43 45 92
3.5 36 44 47 72 83 98
4.0 34 65 70
-4.0 52 53 80
-4.5 5 23 85
4.5 22 26 69
-5.0 6 67 91
5.0 20
-5.5 2 66 78
-6.0 93
-6.5 55
6.5 82
-7.0 51 58 94
7.5 32
-8.0 24
9.0 4 56
-9.0 61
9.5 88
-10.0 71
-12.5 14
13.5 42
14.0 63
-15.5 76
19.5 49
21.0 99
-22.0 9
26.5 95
-28.0 59
29.5 86
-32.5 62
35.0 28
-43.0 89
-48.0 68
-50.5 73
54.5 10
56.5 75
60.0 50
83.5 7
0.5 1 37 38 41 57 64 74
-0.5 25 30 79
-1.0 29 31 33 84
-1.5 15 18
1.5 97
