2.0 13 19 41 90
0.0 16 25 35 37 40 87
-2.0 21 46 77
-2.5 8 12 81
-3.0 0 3 43 45
3.0 11 98
-3.5 5 39 48
3.5 34 36 44 47 60 69
-4.0 6 23 80
4.0 22
-4.5 53 55
4.5 70 72
-5.0 2 52 58 66 67 91
5.0 20 26
-5.5 85 93
-6.0 24
6.0 82
7.0 56
-7.0 94
-7.5 51
8.0 4 65
-8.0 92
-8.5 78
-9.0 61 71
9.5 32 88
-11.0 76
-12.5 14
15.0 42
15.5 49
17.0 63
-22.0 9
25.5 95
25.0 99
-29.0 59
29.0 86
37.0 28
-38.5 62
-42.0 89
49.5 10
-49.0 68
-50.0 73
56.0 75
62.5 50
79.5 7
0.5 1 38 57 64 74
-0.5 29 30
-1.0 17 31 79
1.0 83
-1.5 15 18 27 33 54 84 96
1.5 97
