-2.0 8 21 27 54 84
2.0 13
0.0 16 35 40 74 87
38.0 28
-39.5 62
2.5 11 19 41 90
-2.5 12 33 46 81 83
-43.0 89
47.5 10
-47.5 68
-46.0 73
3.0 4 36 44 47 98
-3.0 5 43 48 58
-3.5 0 3 39 45
3.5 34 69
59.5 75
4.0 22
64.0 50
-4.0 80
-4.5 2 23 53 66 85
4.5 20 26 60 70
78.5 7
-5.0 67 91 93
5.0 72
5.5 82
-6.0 6 24 52
-6.5 94
-7.0 55
-7.5 51 71 92
0.5 1 25 37 38 57 64 79
-0.5 17 30 96
8.5 32
-9.0 61
9.5 88
11.0 65
-11.5 14
-12.5 76
13.5 42
14.0 49
-15.0 78
-1.0 29 31
1.0 56 97
18.0 63
-23.0 9
-1.5 15 18 77
-24.5 59
24.5 86 99
25.5 95
