2.0 11 13 41 56
-2.0 12 24 54 84
0.0 16 30 35 40
-2.5 5 21 43 46 81
2.5 19 90
3.0 36 44 47 98
-3.0 45 48 79 85
-3.5 0 2 3 39
4.0 34 69
-4.0 53 66 80
4.5 20 22 70
-4.5 23 93
-5.0 33 67 91
5.0 72 82
5.5 26 60
-6.0 83
-6.5 52
-7.5 6 51
7.5 32
-8.5 61
-10.0 71
10.0 88
-10.5 14
11.0 42
-11.0 94
-11.5 55
12.0 65
13.5 49
-14.5 76
17.5 63
-18.5 78
-19.5 59
20.5 86
22.0 99
-23.5 9
27.0 95
-38.5 62
-39.5 73
41.0 28
-45.5 89
47.5 10
-51.0 68
63.0 75
64.0 50
78.0 7
-0.5 27 29 87
0.5 37 38 64 74 97
1.0 1 25 57 96
-1.0 4 18 31 92
-1.5 8 15 17 58 77
