-2.0 4
2.0 13 96
0.0 16 40 74
-2.5 8 12 21 43 54 81 83 84
2.5 19 36 41
3.0 44 98
-3.0 46 48
-3.5 0 2 39 45 66
3.5 34 47
-4.0 3 23 79 80 93
4.0 20 22 69 82
4.5 26 56 72
-4.5 53 91
-5.0 67
5.0 70
5.5 32
6.0 92
6.5 60
-7.0 6 51
-7.5 52
-8.5 33 61
-9.5 14
9.5 88
10.0 42
-10.0 94
11.5 49 65
-11.5 55 76
-13.0 71
-18.0 59
18.5 63
-19.5 78
20.0 99
21.5 86
-25.0 9
27.0 95
-35.5 62
-37.5 73
45.0 28
-45.0 89
46.5 10
-53.0 68
61.5 50
63.0 75
77.0 7
0.5 1 17 27 35 37 38 58 64 90 97
-0.5 85
1.0 11 57
-1.0 29 30 31 77 87
-1.5 5 15 18
1.5 24 25
