0.0 11 16 29 35 40 97
-2.0 12 54 87
2.0 13 25 27
-2.5 21 43 79 81
2.5 36
-3.0 2 45 48 66 84
3.0 17 19 44 56 82 96 98
-3.5 0 39 46 93
3.5 20 34 41 47
-4.0 3 80
4.0 24 32 69 72
4.5 22
-4.5 23 53 91
5.0 26 70
-5.0 67
-6.0 6 51
7.0 60
-8.0 14 52
-8.5 55 61
9.0 65
-9.5 33
9.5 88 92
10.5 49
-11.0 94
13.5 42
-13.5 76
-16.5 59
17.0 63
-17.0 71
-18.5 78
22.0 99
24.0 86
-26.0 9
29.0 95
-33.0 62
-35.5 73
-40.0 89
46.0 10
47.5 28
-50.5 68
61.5 75
63.5 50
76.0 7
0.5 1 37 38 64 74
-0.5 30 83
1.0 4 57 85 90
-1.0 5 15 31 77
-1.5 8 18
1.5 58
