-2.0 8 48 54 80
2.0 13 90 99
0.0 16 29 30 35 40
-2.5 1 12 41 91
2.5 19 38
-3.0 2 96
3.0 37 44 47 98
-3.5 0 72
3.5 34
4.0 20
-4.0 23 53
4.5 5 22
-4.5 86
5.0 3 56 57
-5.0 60
-5.5 77 93
-6.0 65
6.0 66
6.5 11 55 87
-6.5 36 82 95
-7.0 61 70
-7.5 26 52 79
-9.0 64
9.0 97
-9.5 46 76
9.5 88
-10.0 17
-10.5 24
10.5 33
-11.0 14
13.0 94
-15.0 28
-16.0 78
-18.5 89
-21.5 59
-23.5 9
26.0 10
-26.5 27
-27.0 42
-27.5 83
28.5 32
-35.0 68
39.0 51
-42.5 73
-45.0 67
47.0 85
48.0 4
50.5 75
58.5 7
-58.0 63
-63.0 45
65.5 50
0.5 6 43 62 74
-0.5 31 84
-1.0 15 69 92
-1.5 18 21
1.5 25 39 49 58 71 81
