0.0 5 16 29 35 40
-2.0 8 12 21 43 54
2.0 25 36 82
2.5 17 58
-2.5 66 81 87 93
-3.0 2 84
3.0 19 41 72
3.5 20 32 44 47 56 98
-3.5 39 45 46 48
-4.0 0 23 53 80 91
4.0 34 69 96
-4.5 3 51
4.5 22
5.0 65 70
-5.0 67
5.5 4
-6.5 14 33
6.5 24
-7.0 6
7.0 92
7.5 49 60
-8.0 61
8.5 27
-8.5 52
-9.0 55
9.0 88
-12.0 78
-12.5 76
13.0 42
-13.5 94
-15.0 59
15.5 63
-21.0 9
-21.5 71
24.5 86
26.5 95 99
-34.0 62
-38.0 89
-41.5 73
47.5 10
49.5 28
-50.5 68
62.5 50
64.0 75
77.5 7
-0.5 31 97
0.5 37 64 74 90
1.0 1 26 38 57 83
-1.0 11 15 30 77 79
1.5 13 85
-1.5 18
