-2.0 8 11 12 21 26 43 66 93
2.0 13 72 79
0.0 16 35 40 64 92
2.5 25 41 47
-2.5 81
-3.0 0 2 48 51
3.0 19 20 56 58
-3.5 39 45 84 91
3.5 44 98
4.0 34 69
-4.0 46 80
-4.5 14 23 53 87
4.5 22 96
-5.0 3 33 67
5.0 70 83
6.0 32
6.5 24
7.0 49
-7.5 6
7.5 60
8.0 27
-8.0 61
9.0 4 88
-9.0 52
-11.0 55
-11.5 78
-13.0 59
13.5 42
-15.0 76 94
15.5 63
-18.5 71
-21.5 9
22.5 86 95
28.0 99
-37.5 62
-38.5 89
-43.5 73
46.0 10
49.0 28
-53.5 68
62.5 50
63.0 75
77.0 7
0.5 5 37 74 85
-0.5 15 29 30 31 77
1.0 1 17 38 57 65 82 90
-1.0 97
-1.5 18 54
1.5 36
