-2.0 12
0.0 16 29 35 40 82
-37.0 89
-2.5 8 14 21 81 87
2.5 20 41 44
-43.5 62
-42.5 73
45.5 10
-3.0 0 39 45 48 65 91
3.0 19 25 58 98
50.5 28
-53.0 68
-3.5 2 11 84
3.5 34 47 79
63.0 75
-4.0 23 80
4.0 32 69
65.0 50
73.5 7
4.5 22 24
-4.5 46 53
-5.0 3 33 67
5.0 49 83
-5.5 6
5.5 70 96
-6.5 92
7.5 60
-7.5 61 78
0.5 1 37 64 72 74 90
-0.5 15 30 77
8.5 4 88
-9.0 52
10.5 27
-11.0 55 76
13.0 63
-14.5 59
-15.5 71 94
-1.0 17 18 26 31 85
1.0 36 38 56 57
16.5 42
-19.5 9
20.5 95
21.5 86
1.5 5 13
-1.5 43 51 54 66 93 97
24.0 99
