0.0 1 15 16 17 35 40 77
2.0 5 13 32
-2.0 8 12 81 97
2.5 20 26 58 98
-2.5 21 39 54
-3.0 0 6 14 45 48 91
3.0 19 25 41
-3.5 2 85
3.5 34 44 47 69
4.0 4
-4.0 23 80 84
-4.5 11 46 53
4.5 22 83
-5.0 3 67
5.5 70 79
-6.0 65
6.0 96
6.5 49
7.0 60
-7.0 61
7.5 24
-7.5 78
8.0 88
-8.5 92
-9.0 52
-9.5 33 55
-10.5 76
11.0 63
11.5 27
-12.0 94
-13.0 71
-14.5 9
-15.0 59
21.5 86
24.5 42 95
-25.5 68
27.5 99
-33.5 89
-43.5 73
44.0 10
-46.5 62
49.5 28
61.0 50 75
72.5 7
-0.5 29 31 56
0.5 36 37 51 64 74 87
-1.0 18 30 66 72 82 93
1.0 57 90
1.5 38
-1.5 43
