0.0 1 15 16 35 40 74 77
-2.0 12 21 54 81
2.0 13 20 41 51 98
-34.5 89
2.5 5
-2.5 17 39 72 82 91 97
-43.5 73
-45.0 62
47.0 10
-3.0 0 8 14 48
3.0 19 26 32 47
52.5 28
54.5 75
3.5 25 34 44 69
-3.5 45
62.0 50
-4.0 2 80 84
69.5 7
4.5 22
-4.5 23 53 92
-5.0 46 67 68 85
-5.5 3 11
5.5 70 83
6.5 60 79 96
-7.0 61 65
7.5 88
-0.5 4 29 30 31 36 66 93
0.5 37 56 64 87
8.0 49
-8.0 78
-9.0 52
9.0 63
-9.5 94
10.0 27
-10.0 33 55
10.5 24
-12.5 59
-13.0 9
-14.0 71 76
-1.0 43
1.0 58 90
23.0 42
23.5 95
-1.5 6 18
1.5 38 57
24.0 86
25.5 99
