-2.0 12 18 39 81 91
2.0 13 20 32 38
0.0 16 29 35 40 66 74 93
-2.5 4 14 21 26
2.5 19 41
-3.0 8 45 97
3.0 44 47 92 98
-3.5 0 48 72 82
3.5 5 25 34 69
-4.0 6 23 56 80 84
4.0 51
-4.5 2 17 53
4.5 22
-5.0 46 67
5.0 70 79
-5.5 3 85
5.5 60
-6.0 65
6.0 83
-6.5 61
6.5 88
-7.0 11 33
7.0 96
7.5 63
-7.5 78
8.0 49
8.5 24
-8.5 52 68
-9.5 94
10.0 27
-10.5 55
-12.5 59
-13.0 76
-16.5 9
-18.0 71
21.5 95
23.0 86
24.0 42
25.0 99
-33.5 89
-41.5 73
-44.0 62
46.5 10
52.0 28
53.0 75
61.0 50
68.5 7
0.5 1 15 37 64 77
-0.5 58 87
-1.0 30 31 36 43
1.0 90
-1.5 54
1.5 57
