0.0 4 16 35 37 40 66 93
-2.0 8 12 14 21 81
2.0 13 38 79
2.5 19
-2.5 58
3.0 41 44 47 98
-3.0 45 48 87
-3.5 0 65 97
3.5 25
4.0 5 32 34
-4.0 80 85
-4.5 17 23 26 53 72 82 84
4.5 22 60 69
5.0 24 70
-5.0 67
-5.5 2 3 46
6.0 51 88
-6.0 61
6.5 27 83
-7.0 33 94
7.0 96
-7.5 56
-8.0 11
-8.5 52 68
8.5 92
-9.0 59
-9.5 78
10.5 49 63
-11.0 6
-12.5 55
-14.5 76
-17.5 71
19.5 95
-20.0 9
22.5 86
23.5 42
26.5 99
-32.5 89
42.0 10
-44.0 73
-47.0 62
51.0 28
52.5 75
60.0 50
65.0 7
-0.5 29 30
0.5 64 74 77
1.0 15 90
-1.0 31 43
1.5 1 20 57
-1.5 18 36 39 54 91
