-2.0 8 12 36 85
2.0 13 19 27
0.0 16 26 35 37 40 74
2.5 38 98
3.0 44 60 79
-3.0 48
-3.5 0 45
3.5 47 69
4.0 22 25 34
-4.0 58 80 97
4.5 5
-4.5 23 53 84
5.0 4 70 88
-5.0 67 72 82
-5.5 3 59
-6.0 2 17 46 61 68
6.0 83
6.5 32
-6.5 87
7.0 96
7.5 51
-7.5 52
-8.5 11 94
8.5 92
-9.0 33
10.0 49
-11.0 6
11.5 63
-12.0 78
-13.0 56
-15.5 76
-17.0 71
-19.5 55
20.0 42
20.5 86
21.0 95
-22.0 9
28.0 99
-34.5 89
43.0 10
-46.5 73
-50.0 62
51.5 75
53.0 28
61.5 7
60.0 50
0.5 1 64 65 66 77 90 93
-0.5 30 43 91
1.0 15
-1.0 29 31 39
-1.5 14 18 21 54 81
1.5 20 24 41 57
