-2.0 8 12 21 54
2.0 13 19 57 60
0.0 14 24 35 40 85 91
2.5 26 38
-3.0 0 36 48
3.0 41 47 92 98
3.5 34 44
-3.5 45
-4.0 23 80
4.0 25 69
4.5 22 88
-4.5 53 84 97
5.0 5 65 70
-5.0 67 72
-5.5 3 61 82
-6.0 46 58
6.0 79 83
-6.5 2
6.5 96
-7.0 17 52
7.0 32
-8.0 68
8.5 4 51
-9.0 11 94
-10.0 78
-10.5 33 87
11.0 49
-11.5 6
-12.5 76
-13.0 56
-15.5 71
16.0 63
18.0 86
19.5 95
20.0 42
-20.5 55
-21.5 9
24.5 99
-36.5 89
44.5 10
-47.5 73
-49.5 62
51.0 75
53.5 28
60.0 7 50
0.5 1 16 37 64 74 90 93
-0.5 31 39 43
-1.0 27 29 30
1.0 66 77
1.5 15 20
-1.5 18 59 81
