-2.0 8 12 21
2.0 13 15 24 57
0.0 16 29 35 39 40
2.5 41
-2.5 48
3.0 38 98
-3.0 45
-3.5 0 36
3.5 34 47 88
-4.0 23 80 92
4.0 25 44 69 83
4.5 22
-4.5 53 84 97
-5.0 61 67 72
5.0 70
-5.5 3
5.5 5
-6.0 52
-6.5 46 82
6.5 96
-7.0 2
-7.5 17
8.0 32
-8.0 58 68
8.5 65
-8.5 94
9.0 4
-9.5 11
10.0 51
10.5 49
-10.5 78
11.0 79
-11.5 6 76
-12.5 87
-13.5 33
-14.0 56 71
16.5 86
17.0 95
19.5 63
20.5 42
-21.5 55
-24.5 9
24.0 99
-36.0 89
-45.0 73
46.0 10
52.0 28
-53.0 62
55.0 75
57.5 7
59.5 50
0.5 1 27 37 60 64 74 91 93
-0.5 30 43
1.0 20 77 90
-1.0 31
1.5 14 19 26 66 85
-1.5 18 54 59 81
