-2.0 12 54 80
2.0 13 19 25 38
0.0 16 30 35 40 58 62 84
-2.5 1 8 21 41
2.5 37 90 98
-3.0 0 2 48 65 86 91
3.0 44 47
3.5 34
-4.0 23 96
4.0 99
4.5 20 22 56 66
-4.5 53 72 79
5.0 5 57 87
-5.0 77
5.5 3
6.0 11
-6.0 26 60 93
-6.5 82
-7.0 36 52 61 64 70
7.0 55 97
-8.5 76
-9.5 14 46
9.5 88
10.0 33
-10.5 24
-12.0 78
-12.5 95
-13.0 17
13.0 94
-19.5 28 89
-22.0 9
26.5 10
-26.0 42
-26.5 59
-27.0 27
27.5 32
-27.5 83
-38.0 68
-40.5 73
42.5 51
-46.0 67
48.0 85
50.0 4
51.5 75
-57.5 63
58.5 7
-62.5 45
71.0 50
-0.5 15
0.5 43 71 74
1.0 6
-1.0 29 31 69 92
-1.5 18
1.5 39 49 81
