0.0 1 26 35 37 40 43
-2.0 12 21 54
2.0 13 15 57
-2.5 8
2.5 14 98
3.0 41 47 69 88
-3.0 45
-3.5 0 48 59
3.5 34 38 44
-4.0 23 36 80
4.0 25
4.5 22 27
-4.5 53 61 84
5.0 4 5 70
-5.0 67 72 97
-5.5 3 52 68
5.5 96
6.5 24
-6.5 82
-7.0 2 46
7.5 32
8.0 83
-8.0 94
-8.5 92
-9.0 76
9.0 79
-9.5 11 58
9.5 49
-10.0 17
10.5 51
-10.5 71
11.0 65
-12.5 78
-13.0 6 56
-14.5 87
-15.0 33
15.0 86
16.0 95
17.5 42
19.0 63
22.5 99
-24.0 55
-25.5 9
-33.5 89
-43.5 73
45.5 10
-53.0 62
54.5 28
56.5 75
59.0 50
60.5 7
0.5 16 39 64 74
-0.5 29 31
1.0 19 20 90 91 93
-1.0 30 60
-1.5 18 81
1.5 66 77 85
