0.0 1 4 16 29 35 37 40 43 85
-2.0 12
2.0 57 66 88
-2.5 8 21 60
2.5 15 41 98
3.0 44
-3.0 45
-3.5 0 5 48
3.5 38 47
4.0 14 25 34
-4.0 72 80
4.5 22 69 70 83
-4.5 23 26 36 52 53 61 84
-5.0 67 97
5.0 96
-5.5 3
5.5 24
6.5 27
-7.0 2 46 76 82 92
7.0 32
-7.5 59
-8.0 68
9.0 49
-9.5 11
-10.0 56 58 94
-11.0 17
11.0 51 79
-11.5 71
12.0 65
-12.5 78
-13.0 87
-13.5 6
15.5 86
-16.5 33
18.0 42 95
21.0 63
21.5 99
-23.5 9
-26.0 55
-32.0 89
-43.5 73
45.0 10
-55.0 62
57.5 28
56.0 75
59.5 7
62.5 50
0.5 19 64 74 90 93
-0.5 30 31
-1.0 18 81
1.0 20 39
1.5 13 77 91
-1.5 54
