-2.0 12 85
2.0 13 66 91
0.0 19 35 37 40 43 74 92
-2.5 4 8 21 48
2.5 41 57
3.0 15 44 49 98
-3.0 45 72
-3.5 0 5 26 52
3.5 25 34 69 83
4.0 38 47
-4.0 60 61 80
4.5 22 70 96
-4.5 23 53 84
-5.0 36 67 97
-5.5 3
6.0 14 32
-6.5 82
-7.0 2 76
-7.5 46
-8.0 59
-8.5 78
9.0 27
-9.0 68
-9.5 11 87
-10.0 56
11.0 51 65
-11.0 58 94
-12.5 17
-14.0 6 33 71
15.0 79
15.5 95
18.5 42
18.0 86
-20.5 9
-21.0 55
22.5 99
23.0 63
-35.0 89
-38.0 73
45.5 10
-54.0 62
56.0 7
60.0 75
63.0 28
65.5 50
0.5 1 16 64 90 93
-0.5 29 31
1.0 20 39 88
-1.0 30 81
-1.5 18 54
1.5 24 77
