0.0 1 16 30 35 40 74 88
-2.0 8 12 18 21
2.0 13 41 77 91
-2.5 24 45 54
2.5 57 66
3.0 44 83 98
-3.0 48 52
-3.5 0 5 61
3.5 15 25 34 96
-4.0 23 53 80 85
4.0 38 47 69 70
4.5 22 49
-4.5 26 84
-5.0 3 36 67 97
5.5 32
-5.5 60
-6.5 2 82
6.5 92
7.0 14
-7.5 46 56 78
8.0 65
-9.0 11 76
9.5 27
-9.5 87
-10.0 59
10.5 51
-11.0 58 68
-11.5 17
-12.5 94
15.5 79
-16.0 33
16.5 95
17.0 42
-18.0 6 9
18.5 86
-19.5 55
20.0 63
-21.5 71
21.5 99
-35.5 89
-38.5 73
46.0 10
53.5 7
-55.5 62
61.5 28
67.5 50
65.0 75
-0.5 4 19 29
0.5 37 43 64 90 93
1.0 20
-1.0 31 81
1.5 39
-1.5 72
