2.0 13 39 41 77
0.0 16 35 37 40 72 74 93
-2.0 52
-2.5 8 12 21
2.5 57 66 83 91 96 98
3.0 47 69
-3.0 48
-3.5 0 5 45 61
3.5 15 25 44
4.0 4 34 38 65 70
-4.0 53 56 80
4.5 22
-4.5 23 84
-5.0 3 24 67 85 97
5.0 27 32
-5.5 36
6.0 49
-6.0 82
-6.5 2
-7.0 26 60
-8.0 46 78
-8.5 11
8.5 14
-9.0 68 76
9.5 92
10.0 51
-10.5 17 58 87
-11.0 59
-13.5 94
14.0 86
14.5 42
-15.0 33
15.5 79
-18.0 9
-18.5 55
18.0 95
19.5 99
20.0 63
-22.5 71
-23.5 6
-33.5 89
-37.0 73
47.0 10
56.0 7
-56.0 62
61.5 28
63.5 75
67.5 50
0.5 1 43 64
-0.5 29 81 88
-1.0 19 30 31
1.0 90
-1.5 18 54
1.5 20
