-2.0 12
2.0 13 39 77
0.0 16 35 40 65 93
2.5 41 57 83 91 98
-3.0 8 21 45 61
3.0 25 44 47 66 69
-3.5 0 48
3.5 27 34 49 70
-4.0 5 84
4.0 15 22 32
-4.5 3 23 53 80
4.5 38
-5.0 67 85 97
-5.5 2 82
-6.0 36
6.0 92
-7.5 11 24
8.0 4
-8.0 46 60 68
8.5 51
9.0 14
-9.0 59
-9.5 58 76
-10.0 78
11.0 42
-12.0 87
12.5 79
-14.0 17
-15.5 94
17.5 86 95
-18.5 55
18.5 99
-19.5 9
-19.0 33
20.0 63
-21.0 6
-26.0 71
-33.5 73
-35.5 89
47.5 10
56.5 7
60.5 28
-61.0 62
63.5 75
68.5 50
0.5 1 37 43 64 74
-0.5 30 81
-1.0 29 31 52 54 56
1.0 90
-1.5 18 19 26 88
1.5 20 72 96
