0.0 16 35 40 74 96
2.0 39
-2.0 48
-2.5 8 12 19 21 61 88
2.5 41 72 77 98
3.0 25 44 57 66 91
-3.5 0 5 45 65 85
3.5 27 32 49 70
4.0 34 47 69 83
-4.0 53 80 84
-4.5 3 23 67 82
4.5 15 22 26 38
-5.0 2 97
-6.0 24 36
-6.5 11
7.5 51
-8.0 58
8.5 42
-8.5 46
9.0 4
-9.0 60
10.0 14
-10.0 68
-10.5 59 87
11.0 79
-13.5 76
-14.5 78
-15.0 94
-15.5 55
17.5 86
17.0 95
-18.0 17
-20.5 9
20.5 63
-21.0 33
22.5 99
-23.0 6
-26.5 71
-34.0 73
-36.5 89
47.5 10
56.5 7
59.5 28
65.5 50
-69.0 62
68.0 75
0.5 1 37 43 64
-0.5 29 31 52 56 81 93
-1.0 18 30 92
1.0 90
1.5 13 20
-1.5 54
