-2.0 8 12
0.0 16 35 37 40 52 81
2.0 20 39
-2.5 21 61
2.5 25 77 83 98
-3.0 19 45 48 88
3.0 32 44 47 57 66 70 91
-3.5 0 82 84
3.5 41 72
-4.0 3 5 23 24 56 80
4.0 22 34 69
-4.5 2 53 97
4.5 15 38
-5.0 11 67
5.5 49
6.0 26 51
-6.0 36 65
-6.5 58
7.0 27 42
-7.0 92
7.5 79
-8.5 46
10.0 14
-10.0 60
-10.5 87
-12.0 59
-12.5 68
-15.0 17 94
-15.5 55
-16.0 76
-19.0 78
-21.0 9
21.0 86
22.0 95 99
-23.0 33
-24.0 6
25.0 63
-28.5 71
-31.0 73
-37.0 89
45.0 10
59.5 7
61.0 28
67.0 50
-71.0 62
70.5 75
0.5 4 43 64 74 90
-0.5 29 30 31
1.0 1
-1.0 18 93 96
1.5 13
-1.5 54 85
