-2.0 8 21 61 96
2.0 13 20 32 39
0.0 16 35 37 40 74 81
-2.5 4 12
2.5 25 44 77
3.0 41 57 66 70 91 98
-3.0 45 48 82
-3.5 0 5 19 24 84 88
3.5 69
-4.0 2 3 11 80 97
4.0 22 34 47 49 51
-4.5 23 53 58
4.5 72
5.0 15 38
-5.0 67
6.0 27
-6.0 36
7.0 26
-7.0 65
8.0 42 79
-8.0 92
-8.5 87
-9.0 46
10.0 14
-10.5 60
-11.0 59
-11.5 56
-14.0 76
-14.5 17 68
-17.0 55
18.5 86
-18.5 94
-21.5 6
-21.0 33
-22.5 78
23.5 95
24.5 63
-25.0 9
25.0 99
-27.5 71
-31.0 73
-34.0 89
43.0 10
61.5 7
65.0 28
70.5 50
-71.5 62
69.5 75
0.5 1 43 52 64 85
-1.0 18 29 30 31
1.0 90
-1.5 54 83 93
