-2.0 8 12 18 21 61 83 93
2.0 13 25 27 39 51
0.0 16 35 40 81
2.5 20 41 70 98
-2.5 58
-3.0 11 48 96
3.0 44 47 57 77 91
-3.5 2 3 5 45 84 92 97
3.5 34 66
-4.0 0 19 80
4.0 22 69
-4.5 23 24 53 88
4.5 26 49
5.0 15 38 72
-5.0 67 87
-5.5 4 65
-6.0 36
9.0 42 79
-9.0 46
9.5 14
-11.0 60
-12.5 59
-13.0 76
-13.5 17
-15.0 56
-16.0 55
16.5 86
-17.0 68 94
-20.5 6
-20.0 33
-21.5 71
23.0 95
-24.5 9 78
25.0 99
27.0 63
-28.0 73
-37.0 89
39.5 10
59.0 7
65.5 28
66.5 50
67.5 75
-69.0 62
-0.5 29 30 31
0.5 37 43 64 74
1.0 1 52 90
-1.0 54
1.5 32 85
-1.5 82
