-2.0 8 12 54
2.0 13 25 37 38 39 69
0.0 16 35 40 74 86
-2.5 1 21 41
2.5 66 87 90
3.0 44 98
-3.0 48 71
-3.5 0 2 91
3.5 47
4.0 22 34
-4.0 53
4.5 20 56 97
-4.5 23 26
5.0 57
-5.0 72 96
5.5 5 11
6.0 3
-6.0 77
-6.5 52 61 82 93
7.0 99
-7.5 36 60 70 79
7.5 55
-8.5 14
-9.0 24
9.5 33 88
-9.5 46
-11.5 76
12.5 94
-13.0 78
-14.0 95
-15.5 17
-19.5 9
-22.5 28 89
25.5 10
-25.5 27
26.5 32
-27.5 42 83
-27.0 59
-38.5 68
-38.0 73
42.5 51
-47.0 67
49.5 75
48.0 85
53.5 4
58.5 7
-58.5 63
-62.0 45
70.0 50
0.5 6 30 43 84
-0.5 15 49 92
-1.0 18 29 31 64
1.0 62 65
1.5 19 81
-1.5 58 80
