2.0 13 41 70
0.0 16 35 40
-2.0 54
-2.5 8 12 21 93
2.5 20 98
-3.0 2 3 15 45 48 65 84 97
3.0 44 77
-3.5 0 5
3.5 34 47 57 66 91
-4.0 23 80 96
4.0 92
-4.5 19 53
4.5 22 69
-5.0 24 67 88
5.0 26 38 72
-6.0 36
6.5 42
7.5 49
-8.0 4
8.0 79
9.0 14
-9.0 46
-11.0 60
-13.0 59
-13.5 76
-14.0 68
14.5 86
-15.5 17
-16.0 33 94
-16.5 55 71
-21.0 56
-22.5 6
25.0 95
-26.0 9
-26.5 78
27.0 99
-28.0 73
32.5 63
40.5 10
-43.5 89
57.0 7
63.5 28
62.0 50
-66.0 62
66.0 75
0.5 1 37 43 51 64 74 81 83
-0.5 29 31 58 82 87
-1.0 30
1.0 32 52 85 90
-1.5 11 18 61
1.5 25 27 39
