-2.0 12 15 21
2.0 13 70 83
0.0 16 35 40
-2.5 8 24 84 97
2.5 41
-3.0 2 3 27 45 48 93
3.0 20 44 77 91 98
-3.5 0 5
3.5 26 34 47 57 66 69
-4.0 23 80
4.5 22 72
-4.5 53
5.0 38
-5.0 67 96
-5.5 19 36 88
7.5 49
8.0 14 42
-9.0 46
9.0 92
-9.5 4
9.5 79
-10.5 59
-11.0 60
-11.5 17
-13.0 33
-13.5 94
-14.0 68 76
-15.0 71
15.5 86
-16.5 55
-23.0 6 73
-23.5 56
24.0 99
25.5 95
-28.5 9
-29.0 78
32.0 63
40.0 10
-49.5 89
54.0 7
58.5 50
63.5 28
62.5 75
-67.5 62
0.5 1 32 37 43 64 74 81 90
-0.5 11 29 30 31 85
-1.0 18 54
1.0 25 52 58 87
1.5 39 65
-1.5 51 61 82
