0.0 1 16 29 32 35 37 40
-2.0 12 97
2.0 58
-2.5 3 8 15 21 48 84 85
2.5 41
-3.0 2 5 51
3.0 47 77 87 91 98
3.5 20 34 42 44 57 66 69
-3.5 24 27 45
-4.0 0 80 93
4.0 72
4.5 22 38
-4.5 23 53
-5.0 67
5.5 26 65
-5.5 36
-6.0 19 88 96
6.5 14
-7.0 82
8.5 92
-9.0 4
-9.5 17 46
9.5 49
-10.0 33
-10.5 60
10.5 79
-12.5 59 76
-13.5 71
15.0 86
-15.5 68
-16.5 55 94
-20.5 6
-20.0 73
21.0 99
-22.5 56
-26.5 9
26.0 95
-29.5 78
32.0 63
41.0 10
42.0 75
49.0 7
-48.5 89
59.5 50
64.5 28
-68.0 62
0.5 11 25 43 64 74 81 90
-0.5 30 31
-1.0 18
1.0 39 52
1.5 13 70
-1.5 54 61 83
