-2.0 3 54 84
2.0 13
0.0 35 40
-2.5 8 12 21 48
2.5 91 92 98
-3.0 2 15 45
3.0 41 47 58 66 72 77 87
-3.5 0
3.5 20 26 44 57 69
-4.0 5 80
4.0 22 34
-4.5 23 24 27 51 53 85 93
4.5 38
5.0 14
-5.0 36 67
-6.0 88
-6.5 19 83 96
-7.5 4 75 82
8.0 79
-8.5 17
9.0 65
-9.5 46
-10.0 33 60
10.0 49
-11.0 76
-13.0 71
14.5 86
-15.0 94
-16.0 59
16.0 99
-19.0 6 55 68
-21.0 73
-22.5 78
-24.0 56
-25.0 9
30.5 63
30.0 95
40.5 10
45.0 7
-50.0 89
63.0 50
66.5 28
-67.5 62
0.5 1 16 25 37 39 43 52 64 74
-0.5 32
-1.0 18 29 30 31 61
1.0 42 70 81 90
1.5 11
-1.5 97
