2.0 11 13 26 72
-2.0 21 24 27
0.0 25 35 40
-2.5 8 12 15
2.5 41 91
-3.0 0 45 48
3.0 58 66 77 98
-3.5 2 5
3.5 14 34 44 57 69
-4.0 17 80
4.0 20 47
4.5 22 38 74
-4.5 23 36 53
-5.0 67 92 93
-5.5 85
5.5 87
-6.0 51
6.0 79
-6.5 75 88
-7.0 19
-7.5 82 96
-8.0 4 83
-8.5 78
-9.0 60
-9.5 46
10.0 49
-11.0 71
11.5 65 99
-12.0 33
-13.5 76
-14.0 59
-14.5 94
-17.5 6
17.5 86
-18.5 55
-19.5 68
-24.0 9 56
-25.0 73
31.0 63
32.5 95
38.0 10
41.0 7
-50.0 89
66.5 28 50
-69.0 62
0.5 16 37 39 43 52 64
-0.5 31 32
1.0 1 70 81 90
-1.0 29 30 61 97
-1.5 3 18 42 54 84
