-2.0 4 8 12 18
2.0 13 14 41 91
0.0 16 29 35 37 39 40
2.5 11 58 98
-2.5 15 17 21 24 27
3.0 44 66 77
-3.0 45
-3.5 26 48
3.5 47
-4.0 2 5 23 36 53 80
4.0 34 57 69
4.5 20 22 38
-4.5 42 85
-5.0 67
5.0 79
5.5 74
-5.5 75 93
6.5 87
-6.5 88
-7.0 51 82
-7.5 19 96
-8.0 60
8.5 49
-8.5 92
-9.5 46 78
-11.0 33 83
11.0 99
12.0 65
-12.5 71
-13.0 59
-13.5 94
-14.5 76
-17.5 55
-18.0 6
-18.5 68
18.0 86
-23.5 9 56
-23.0 73
27.0 63
32.5 95
38.0 10
43.0 7
-48.0 89
66.5 28
-64.0 62
71.0 50
0.5 1 43 64 70 72 90
-0.5 25 30 32 52 97
-1.0 0 31 61 84
1.0 81
-1.5 3 54
