2.0 13 41
0.0 16 35 40 70 97
-2.0 18 21 54
33.0 95
36.5 10
2.5 4
-2.5 8 12 48
45.5 7
3.0 11 66 98
-3.0 85
-50.0 89
3.5 34 44 74 77 87
-3.5 36 45
-60.0 62
-4.0 5 17 75 80
65.0 28
4.0 38 47 57
-4.5 2 23 26 42 53
4.5 20 22 69
73.0 50
-5.0 67
-6.0 92 93
-6.5 27 88
-7.0 60 82
-7.5 51
0.5 0 1 14 43 64 90
-8.0 19 96
-0.5 29 30 39 79
8.5 49
-9.5 46 78
-10.0 71
10.5 65
-12.0 73
-14.5 6 33 59
15.0 86
-15.5 94
-1.0 3 15 25 31 32 52 61 72 84
1.0 37
-16.0 55 76
16.0 99
-17.0 83
-18.5 68
-24.0 9
-1.5 24
1.5 58 81 91
26.5 63
-28.0 56
