-2.0 8 12 21 52 72
2.0 13 87
0.0 16 24 35 40 73
2.5 0 41 66
3.0 11 34 77
-3.0 26 36 45 48 75
-3.5 5
3.5 44 47 98
-4.0 17 23 42 59 80
4.0 38 57 69
4.5 22
-4.5 53
-5.0 2 67
5.0 20
-5.5 60
5.5 74
-6.5 82 88 93
-7.5 51
7.5 65
-8.0 96
-8.5 19
8.5 49
-9.5 46 78
-11.5 6
-12.5 71
-13.5 55
-15.5 68
-17.0 33
17.5 86
-17.5 94
-19.5 76
-20.5 83
20.5 99
-23.0 9
28.0 63
-30.0 56
31.0 95
36.0 10
43.5 7
-50.0 89
-59.0 62
67.0 28
72.5 50
-0.5 3 14 15 29 30 31 32 70 84
0.5 37 43 58 64 92 97
1.0 1 90 91
-1.0 39 54 61 85
1.5 4 79 81
-1.5 18 25 27
