-2.0 8 12 21 25 54
33.0 10
2.0 13 27
0.0 30 35 40 73 84
-2.5 24 36 48 52
2.5 41 66 87
42.5 7
3.0 11 47 77 98
-51.0 89
3.5 0 15 34 44 65 69
-3.5 5 45 72
-58.5 62
-4.0 26 53 60 80
4.0 38 57
68.0 28
69.0 50
4.5 22
-4.5 23
5.0 20 74
-5.0 67
-5.5 2 42
6.0 49
-6.5 82 88 93
-7.5 51
7.5 92
-0.5 3 32
0.5 16 37 43 59 64 90 97
-8.0 96
-8.5 71
-9.0 19
-9.5 6 46 78
-11.0 55
-14.0 68
1.0 1 79 85 91
-1.0 29 31 58 61 70
-16.5 33
-18.0 94
19.5 86
-23.0 76
1.5 4 81
-1.5 14 17 18 39 75
-24.5 83
-26.0 9
26.0 99
27.5 95
-30.0 56
31.5 63
