0.0 3 16 27 35 37 40 43 73 75
33.0 10
2.0 13 66 87 98
-2.0 36 39
32.5 63
-2.5 8 12 14 21 25 60
2.5 11
43.0 7
3.0 15 41 47
-3.0 48 58
-50.0 89
3.5 4 38 44 69 77
-3.5 45 52 71
-60.5 62
-4.0 5 23 80
66.5 28
4.0 34 57
70.0 50
4.5 0 22
-4.5 53 67 72
-5.0 42
5.5 20
-6.0 2 26 82 88
6.0 74
7.0 49
-7.0 51 93
-7.5 96
0.5 1 17 64 84 90 91
-0.5 24 29 30 31 32 65
-9.0 19 78
-9.5 46
9.5 92
-10.5 55
-14.5 6
-15.0 33
-15.5 68
-1.0 59 61 70
1.0 97
-18.0 94
-21.0 76
21.0 86
-1.5 18 54
1.5 79 81 85
-26.0 83
-28.5 9
28.5 99
-29.0 56
30.0 95
