-2.0 12 18 21
2.0 13 39 81 97
0.0 15 16 35 40 64
-2.5 1 41 80
2.5 25 69
-3.0 26 48
3.0 98
3.5 34 44 47 90
-3.5 49 58
-4.0 0 2 23 53 71 91
4.5 11 22
5.0 20 56 57 65
-5.0 77
-5.5 52 72
6.0 5 86
-6.0 61 96
6.5 3
-6.5 14 82 93
7.5 55
-7.5 70
-8.0 36
-8.5 60
9.0 33 99
-9.5 46 79
9.5 88
-11.5 24
13.0 94
-14.5 76 78
-15.5 17
-17.5 95
-18.5 9
-20.5 28 89
-23.5 42
27.0 10 32
-27.5 27
-27.0 59
-28.5 83
-38.0 68 73
43.5 51
-47.0 67
47.5 85
48.0 75
57.0 7
58.5 4
-58.0 63
-61.0 45
67.5 50
-0.5 29 66 92
0.5 30 43 62 74
1.0 6 19 84
-1.0 31 54
-1.5 8 87
1.5 37 38
