0.0 3 16 17 29 32 35 40 43
2.0 11 13 66 79 81
-2.0 12 18 21 59
-2.5 8 39
2.5 41 98
3.0 4 44 77
-3.0 14 25 45
-3.5 5
3.5 34 38 47
-4.0 48 80
4.5 22 57 69 87
-4.5 23 26 52 53 65
5.0 0
-5.0 58 67 72
5.5 20 92
-5.5 82
-6.0 51 88
-6.5 2
-7.0 93 96
8.0 49
-8.0 78
-8.5 42
8.5 74
-9.5 19 46
-12.0 55
-12.5 6
-14.5 68
-15.5 33
-17.0 94
-19.0 76
21.5 86
-24.0 83
-28.0 9
29.0 99
-30.0 56
30.0 95
35.5 10
34.0 63
43.0 7
-48.0 89
61.5 28
-60.0 62
74.0 50
0.5 1 15 64 73 90
-0.5 30 91
-1.0 24 27 31 36 60
1.0 75 84 85 97
1.5 37
-1.5 54 61 70 71
