2.0 13 81 98
0.0 16 32 35 37 40 43 73
-2.0 70 92
2.5 4 15 41 71 87
-2.5 8 12 21
-3.0 14 25 39 45
3.0 38 44 47 69 77
-3.5 5 59
3.5 34
4.0 22
-4.0 23 80
-4.5 53 67 82
4.5 57
-5.0 51
5.5 20
-5.5 26 52 72 88
6.0 0
-6.5 65 96
-7.0 2 58 78
7.0 74
-7.5 93
-9.0 46
-10.0 19 42
10.0 49
-12.0 48
-14.5 6
-15.0 33 68
-15.5 55
-18.5 83
19.0 86
-21.5 76
-22.0 94
-26.5 9
-30.5 56
31.5 99
32.5 95
36.5 63
39.0 10
43.0 7
-47.5 89
-57.0 62
63.5 28
74.5 50
0.5 1 3 17 27 60 64 79 90
-0.5 24 29 30 36 91
1.0 11
-1.0 18 31 85
-1.5 54 61
1.5 66 75 84 97
