0.0 17 35 36 37 40
-2.0 18
2.0 60 75 81 84
-2.5 12 14 21 24 70
2.5 38 41 87 98
-3.0 39
3.0 77
-3.5 5 25 45 51 85
3.5 34 44 47
-4.0 23 59 80 82
4.0 69
4.5 22 57
-4.5 53
-5.0 67 72 88
5.5 20
-5.5 78
-6.0 26 52 96
-6.5 65
7.0 0
-7.0 2
-7.5 92 93
8.0 74
-8.5 58
-9.0 46
9.0 49
-10.0 19
-10.5 42
-12.0 48
-14.0 68
-17.0 6
-17.5 33
-18.0 55
-19.0 83
22.0 86
-22.0 94
-24.0 76
-27.0 9
-28.5 56
31.5 95
36.0 99
41.5 10
40.0 63
42.5 7
-44.5 89
-54.5 62
63.5 28
76.0 50
0.5 1 3 11 16 32 64 71 73 90
-0.5 29 30 31 43
1.0 66
-1.0 91
1.5 4 13 15 27 79 97
-1.5 8 54 61
