-2.0 8 18
2.0 13 20 79 95
0.0 16 29 35 40 58 74
-2.5 12 41 66 82 93
2.5 90
-3.0 1 26 48 56 64 84
3.0 19 37 44 47 98
3.5 34 55 96
-4.0 0 23
4.0 38 60 72
4.5 22 57
-4.5 53
-5.0 2 70
5.0 11
-5.5 77
6.0 71
6.5 33 88 97
7.0 69
-7.5 24
-8.0 99
-8.5 46 61
8.5 65
-9.0 52
-9.5 17 59
10.5 10
-12.0 14
12.5 87 94
-13.5 89
-19.0 28
-22.0 9
-24.5 27
-25.5 68
-27.0 78 83
29.5 51
30.5 32
-31.0 67
-34.0 42
39.0 76
-41.5 73
-43.0 63
47.0 85
49.5 4
-50.0 45
52.0 7
55.0 75
71.0 50
0.5 5 6 30 43 62 81 91
-0.5 36
1.0 3
-1.0 25 31 49 86 92
-1.5 15 21 39 54 80
