-2.0 12 14 21 51 54 61 91
2.0 13 81
0.0 16 35 37 40 73 79 87
36.5 99
-2.5 8
41.5 10
2.5 38 41 71 84 98
41.0 63
43.5 7
-47.0 89
-3.0 4 45 70 82
3.0 47 60 69 77
-49.5 62
3.5 27 34 44
-3.5 39
63.0 28
-4.0 5 25 80
4.5 22 57
-4.5 23 53 67 72 78 88
77.0 50
-5.0 59 65 85 96
5.5 0 20
-5.5 26
-7.0 2 52
-7.5 93
-0.5 11 15 31 43
0.5 17 36 64 90
8.0 49
-8.0 92
-9.0 46
-9.5 58
-10.0 19
-12.0 48
12.5 74
-13.0 42
-15.0 6
1.0 1 3 66
-1.0 18 24 29 30
-16.0 83
-17.0 68
-19.0 55
-20.0 94
21.0 86
-22.0 33
1.5 32 75 97
-25.0 56 76
-28.0 9
31.0 95
