-2.0 8 11 12 21 54 61 65
0.0 16 35 40 51
2.0 32 38 81
39.0 99
41.0 10
2.5 15 41
-2.5 78 82 91 92
43.0 63
45.0 7
-46.0 62
-3.0 26
3.0 77 84 87 98
-48.5 89
-3.5 5 39 45 70 88
3.5 34 44
60.5 28
-4.0 4 23 25 72 80 96
4.0 47 69
4.5 22 27 57 60
-4.5 53
80.0 50
-5.0 67
5.5 0 20 71
-5.5 59 85
-7.0 2
-7.5 52 93
0.5 1 24 37 64 66 73 79 90
-0.5 29 30 43
-9.0 46
9.5 74
-10.5 19 58
11.0 49
-12.5 48 83
-15.0 68
-15.5 6 42
1.0 3 36 75
-1.0 14 31
-19.5 55
19.0 86
-19.0 94
-21.5 33
-22.5 56
1.5 13 17 97
-1.5 18
-25.5 9
-26.5 76
31.5 95
