-2.0 8 54
0.0 14 16 35 37 40 66 75
2.0 38 65 79 81 98
-2.5 12 21 61
2.5 32 41 44
-3.0 11 45 72 88 91 96
3.0 47 71 77
-3.5 39 70
3.5 84
-4.0 5 80
4.0 27 34 69
-4.5 4 23 25 53 85
4.5 22 57 87 92
-5.0 67
5.5 20 60
-5.5 59
6.0 0
-6.5 2
-7.0 93
-8.0 52
-8.5 46
8.5 74
9.0 49
-9.0 83
-10.5 19
-11.0 58
-12.0 48
-13.0 68
-15.5 94
-18.0 6 55
-18.5 42
19.0 86
-22.0 33
-24.0 56
-26.0 76
-28.0 9
32.0 95
38.5 99
41.5 10
42.5 63
-47.5 62
-47.0 89
49.0 7
59.0 28
83.0 50
-0.5 29
0.5 64 73
1.0 1 3 17 24 90 97
-1.0 30 31 43 78
1.5 13 15 26 36 51
-1.5 18 82
