-2.0 8 12 18 21 54 88 96
0.0 16 29 35 73
2.0 36 81
-39.0 89
38.5 99
41.0 10 63
-2.5 61 85
2.5 87
-45.0 62
3.0 32 77 98
-3.0 91
53.0 7
3.5 34 41 44 47 51 84
-3.5 39 45
58.5 28
-4.0 4 5 23 70 80
4.0 26 69
-4.5 11 25 53 67
4.5 22 57
82.5 50
5.5 20 27 71 79
-5.5 59
-6.0 2
6.5 0 60 65
-7.0 93
0.5 15 37 64 78 90
-0.5 17 30 66 82
-8.0 83
-8.5 46 52
9.5 74 92
-10.0 94
-10.5 19 58
-12.0 48 68
1.0 3 24 49 97
-1.0 31 43 75
-18.5 55
19.0 86
-20.0 33 42
-22.0 6
1.5 1 13 14 38
-1.5 40 72
-27.0 56
-27.5 76
30.0 95
-31.0 9
