-2.0 4 8 17 18 21 54
2.0 13
0.0 15 16 29 35 37 72 73 82 85
-2.5 12 40 75
2.5 27 36 77 78 81
3.0 14 41 98
-3.0 39 61
3.5 44 47
-3.5 45 91
-4.0 5 80
4.0 32 34 69 84
4.5 22 57
-4.5 23 25 49 53 70
-5.0 67
-5.5 2 11 59
5.5 20 51
6.0 74 79
6.5 71
-6.5 83 93
7.0 60
7.5 26
-8.0 46
8.0 92
9.0 0
-9.0 52
-9.5 94
-10.0 58
10.0 65
-10.5 19 68
-12.0 48
16.5 86
-18.0 42
-18.5 55
-20.0 33
-21.0 6
-25.0 56
-27.0 76
-30.5 9
35.0 95
40.0 99
42.5 10
44.0 63
-48.0 62
57.5 28
58.5 7
85.5 50
0.5 1 64 97
-0.5 30 66
1.0 3 24 87 89 90
-1.0 31 43 96
1.5 38
-1.5 88
