-2.0 12 89
2.0 13
0.0 16 17 35 39 97
-2.5 8 21 40
2.5 41 77 81 98
3.0 24 36 47 74
-3.0 45 87
3.5 34 44
-3.5 61
-4.0 5 53 75 80 91
4.0 69 78
4.5 14 22 32 57 84
-4.5 23 49
-5.0 2 25 59 67 70
5.0 20
-5.5 15
5.5 71
-6.5 11
7.0 51
7.5 60
-8.0 46
-9.0 52 58
9.5 26
10.0 79
10.5 0
-10.5 19 94
-11.0 68 83
11.5 65
-12.0 48
-18.0 42
20.0 86
-21.5 6 55
-22.5 56
-23.0 33
-26.5 9 76
36.0 95
36.5 99
41.0 10
43.0 63
51.5 28
-52.0 62
60.0 7
90.0 50
-0.5 27 30 88
0.5 37 64 73 90
1.0 1 3 38 72 82 96
-1.0 29 31
-1.5 4 18 43 54 66 93
1.5 85 92
