2.0 13 17 82
0.0 16 24 29 35 39 88
-2.0 27 40
-2.5 8 12 21 87
2.5 72 77 81 98
3.0 36 44 96
-3.0 45
-3.5 5 61
3.5 34 47
-4.0 23 59 80
4.0 69
-4.5 2 49 53 91
4.5 22
5.0 20 57 71 84
-5.0 25 67
-5.5 15 70 75 92 93
5.5 32 74 78
6.0 14
-7.0 58
-7.5 11 41 46
7.5 60
8.5 51 79
-9.0 52 83
9.5 26
-10.5 19
11.0 0
-11.5 48
12.0 65
-12.5 68
-14.0 94
-17.5 42
-19.5 55
-20.0 6
24.0 86
-25.5 9 33
-26.0 76
-27.5 56
33.5 99
37.0 95
40.0 10
40.5 63
45.5 28
-52.0 62
59.5 7
90.5 50
-0.5 30 97
0.5 37 64 73
1.0 1 3 38 90
-1.0 18 31 89
-1.5 4 43 54 66
1.5 85
