-2.0 12 21 26
2.0 13 39 81 90
0.0 15 16 35 40 71 87
-2.5 8 41
-3.0 1 48 66
3.0 25 44 98
-3.5 0 49
3.5 34 47
4.0 11
-4.0 91
-4.5 2 23 52 53
4.5 22
-5.0 14 72
5.0 20 57 69
-5.5 58 61 77
5.5 86
6.0 5
-6.0 82
-6.5 96
7.0 3
-7.0 93
7.5 55
8.0 33
-8.0 70
-8.5 36
9.0 56 65
-9.5 46 60
9.5 88
-11.5 79
-12.0 24
12.5 94
14.5 99
-15.0 76
-16.0 9 78
-17.5 17
-18.5 95
-20.5 89
-21.5 28 59
23.0 10
-24.5 83
-26.0 42
27.0 32
-28.5 27
-34.5 68
-37.5 73
45.5 75
45.0 85
49.5 51
-48.0 67
-57.5 63
58.5 4
59.0 7
-58.5 45
68.5 50
0.5 19 30 43 62 74
-0.5 97
1.0 6 37 84
-1.0 29 31 92
-1.5 18 54 64 80
1.5 38
