0.0 16 30 35 39 73 87
-2.0 18 21 43 66
2.0 77
-2.5 12 40
2.5 81 82 96 98
3.0 17 44 47
-3.0 27 45
-3.5 2 4 5 15 59
3.5 34 36 72
-4.0 53 61 80
4.0 69
4.5 20 22
-4.5 23 49 91 92
-5.0 25 67
5.0 57
-5.5 24 58 70
5.5 71 84
6.0 32 79
-6.5 75
7.0 78
-7.0 93
7.5 14 60
-7.5 46
-8.0 41
-8.5 11 68
-9.0 52
9.5 51
-10.0 19
10.0 65
10.5 0 74
-11.5 48
12.0 26
-14.0 83 94
-15.0 55
-16.0 42
-19.0 6
-23.0 76
-24.0 9
27.0 86
-29.5 33
-31.0 56
35.5 95
34.5 99
41.0 10 63
45.5 28
-52.5 62
59.5 7
90.0 50
0.5 1 37 64 85
-0.5 97
1.0 3 38 88 90
-1.0 29 31
-1.5 8 54
1.5 13 89
