0.0 17 35 39 73
-2.0 21 43 59 85
2.0 77 87 88
-2.5 8 12 40 66
2.5 81
-3.0 15 45
3.0 44 82 96 98
-3.5 2 4 5 58 93
3.5 34 36 47
-4.0 23 53 92
4.0 69
4.5 20 22 72
-4.5 27 49 61 80
-5.0 25 67 91
5.0 57
-6.0 24 70
6.0 84
6.5 32
-7.0 46
7.0 60 65
-7.5 41 75
7.5 71
8.0 78 79
8.5 14
-8.5 52 68
-9.0 11
-10.0 19
10.0 26
10.5 51
11.0 0
-11.5 48
-12.0 55
14.5 74
-14.5 94
-15.5 83
-16.5 42
-23.0 76
-24.5 6
-25.5 9 33
-29.5 56
29.0 86
31.0 99
33.5 95
42.0 10
43.0 63
47.0 28
-55.0 62
61.0 7
90.5 50
0.5 1 3 16 37 38 64 90
-0.5 30 89
-1.0 29 31 97
1.5 13
-1.5 18 54
