0.0 1 17 35 39
-2.0 4 8 12 97
2.0 13 77
-2.5 21 40 43
2.5 81 87 98
-3.0 2 66 92
3.0 65 88 96
3.5 34 36 44 47
-3.5 45 89
-4.0 5 24 80 85 93
4.0 20 82
4.5 22 69
-4.5 23 49 53 61
-5.0 25 67 91
5.0 57 72
-5.5 27
-6.0 15 70
6.0 71 84
6.5 60
7.0 32
-7.0 41 46
-7.5 55
-8.0 52 75
9.0 78
-9.5 11 19
9.5 14
10.0 0 26
-10.5 68
-11.0 48
11.0 51
11.5 79
-15.0 94
-17.5 42
19.0 74
-20.5 76
-20.0 83
-24.5 33
-26.0 6
28.5 86
-29.0 56
-30.0 9
33.0 99
35.0 95
43.5 10
42.5 63
47.0 28
-51.0 62
63.0 7
88.5 50
0.5 3 38 64 73 90
-0.5 29 30 31
1.0 16 37
-1.0 59
-1.5 18 54 58
