0.0 3 35 39 58 73
-2.0 4 8 21 40
2.0 13 77 81
-2.5 12 43 54 92 97
-3.0 2 15 45
3.0 44 96 98
-3.5 5 66
3.5 20 34 36 47 69 88
-4.0 80
4.5 22 82
-4.5 23 49 53 93
-5.0 24 25 61 67 85 91
5.0 57 72
-5.5 27 89
5.5 60 71
-6.0 41
-6.5 46 70
6.5 84
7.5 32
-7.5 52
8.0 0
-8.0 75
-9.0 55
-9.5 11 19
9.5 78
10.0 14
-10.0 68
-11.0 48
11.0 51
13.5 26 79
-16.0 94
-19.0 42
-19.5 83
21.0 74
-22.0 76
-23.5 6
-27.5 33
-27.0 56
27.5 86
-30.0 9
33.5 99
36.5 95
42.5 63
44.5 10
49.5 28
-49.5 62
66.0 7
86.5 50
0.5 1 37 38 59 64
-0.5 29 30
1.0 16 90
-1.0 18 31
-1.5 17 65
1.5 87
