0.0 3 35 39
-2.0 8 12 18 92
2.0 59 81
-2.5 21 40 43
-3.0 2 45 97
3.0 71 96 98
3.5 0 20 36 44 47 69
-3.5 5
-4.0 23 53 66 80
4.0 34
-4.5 17 25 41 49
4.5 22 60 88
5.0 57 72 82
-5.0 65 67 85 91
-5.5 15 61 89
-6.0 46
-6.5 52
-7.0 27 70 93
7.0 84
-7.5 4 75
-8.0 24
8.0 32
-9.0 19 55 68
-9.5 11
9.5 78
10.0 14
10.5 26 51
-11.0 48
14.5 79
-16.0 42
-16.5 94
-17.0 6 83
-19.5 76
21.5 74
-24.5 56
25.5 86
-30.5 9
-30.0 33
32.0 99
37.5 95
41.5 10
40.5 63
47.0 28
-48.5 62
67.0 7
87.0 50
-0.5 29 30 31
0.5 37 38 64 73
1.0 1 16 90
1.5 13 58 77
-1.5 54 87
