-2.0 12 18
0.0 29 35 39 73
2.0 71 81
-2.5 8 21 40
2.5 58 98
3.0 20 36 96
-3.0 41 43
-3.5 2 5 45 97
3.5 34 44 47 59 60 69
-4.0 23 53 80 85
4.0 72
4.5 22 57
-4.5 25 49
5.0 0
-5.0 66 67 89 91
-5.5 27
5.5 82 88
-6.0 46 52 61 68
-6.5 65
-7.0 70 75 93
7.0 84
-7.5 24 55
-8.0 15
-8.5 19
8.5 26 32
-9.5 4 11 17
9.5 78
-10.0 6
10.0 14 51
-10.5 48
-12.0 42
-15.0 83
16.5 79
-19.0 76
-19.5 94
-23.5 56
24.5 86
-26.5 33
26.5 74
-31.0 9
34.0 99
38.0 10 63
39.5 95
45.5 28
-48.0 62
69.5 7
84.5 50
0.5 1 37 38 64 90
-0.5 3 30 31
1.0 16
1.5 13 77
-1.5 54 87 92
