0.0 1 29 35 37 39
-2.0 12 40 54
2.0 13 60 81
-2.5 8 21
2.5 20 36 47
-3.0 43 45
3.0 58 72 96 98
-3.5 2 5 68
3.5 44
4.0 22 34
-4.0 25 80 97
-4.5 23 49 53
4.5 57 59 69
-5.0 4 52 66 67 89 91
-5.5 46
5.5 82
-6.0 61 75
6.0 88
-6.5 65
-7.0 27
-7.5 15 70 93
7.5 84
8.0 0
-8.0 6 19
-9.0 11
9.0 32 51
9.5 14 78
-9.5 24
-10.5 17 48
11.0 26
-11.0 55
-14.0 42
17.0 79
-17.0 94
-19.5 83
-20.0 76
22.5 74
23.0 86
-24.0 33
-26.0 56
29.0 99
-32.5 9
32.0 63
34.0 10
39.5 95
-49.0 62
50.5 28
73.5 7
82.0 50
-0.5 3 30
0.5 38 64 71 73 90
1.0 16 77
-1.0 31 41 87 92
-1.5 18 85
