-2.0 8
0.0 35 39
2.0 71 72 81
-2.5 12 21 40 54
2.5 20 36 98
3.0 44 58 96
-3.0 45
-3.5 5 43
3.5 47 69
-4.0 2 23 25 52 53 80 89 97
4.0 34
4.5 22 57
-4.5 49 65 75 91
-5.0 46 67
5.5 82
-6.0 66 93
6.5 59 88
-6.5 61
-7.5 19 70
7.5 51
-8.0 6
8.0 84
-8.5 11 15 27 55
8.5 14
9.0 32 78
10.0 0
-10.0 48
-12.5 17
-13.5 94
14.0 26
-14.5 24
14.5 79
-17.0 42
-20.5 76 83
22.5 74
-23.0 33
23.5 99
24.0 86
-28.5 56
-33.0 9
34.0 63
37.5 10
41.5 95
49.0 28
-49.0 62
74.5 7
78.5 50
-0.5 4 30 31 87 92
0.5 38 41 64 73 85 90
1.0 1 16 37 60 77
-1.0 3 18 29
1.5 13
-1.5 68
