2.0 4 20 36 81
-2.0 8 12 18
0.0 39 92
-2.5 21 40
2.5 41 58 98
-3.0 52
3.0 69 96
-3.5 5 25 43 45 75
3.5 34 44
4.0 47
-4.0 80
4.5 22 57
-4.5 23 49 53 67 91 97
-5.0 2 46
5.0 88
6.0 51 82
-6.0 55 89
-6.5 66
-7.0 19 61 93
-7.5 11 27
7.5 14 59
-8.0 70
8.0 78 84
-8.5 15
9.0 79
9.5 32
-9.5 48
-10.0 6
11.5 0
-13.0 17
-14.0 24 94
14.0 26
-18.5 76
-18.0 83
20.0 99
-21.5 42
-22.5 33
23.0 74
24.0 86
-30.0 9 56
34.5 63
37.5 10
41.5 95
46.5 28
-46.5 62
67.5 7
80.5 50
0.5 1 35 37 64 72 73 77 87
-0.5 29 31 60 68
1.0 16 38 90
-1.0 30
-1.5 3 54 65
1.5 13 71 85
