-2.0 8 12 60 75
2.0 13 20 81
0.0 30 35 37 39 92
2.5 4
-2.5 21 40 52
3.0 44 47 65 96 98
-3.5 5 25 45
3.5 34 69
-4.0 43 53 91
4.5 22 41 51 57
-4.5 23 46 49 80 89 93
-5.0 67 97
-5.5 2 15
5.5 82
-6.5 11 19
6.5 14 78 79
-7.0 27 61 66
7.0 88
7.5 71
-8.0 70
8.0 84
-8.5 17
8.5 59
9.0 32
-9.0 55
-9.5 48
11.0 0
-11.5 6
14.0 26
-14.0 94
-16.0 24
-17.0 76 83
19.5 99
23.5 74
25.0 86
-26.0 42
-28.5 9 56
-29.5 33
35.5 63
37.5 10
39.0 95
47.0 28
-47.5 62
64.5 7
78.5 50
0.5 1 29 64 73 77
-0.5 31 72 87
1.0 16 38 58 85 90
-1.5 3 18 54
1.5 36 68
