-2.0 12 26
0.0 16 19 35 40 43
2.0 39 81 90
-2.5 1 8 21 41
2.5 98
3.0 11 25
-3.0 48 97
-3.5 0 14 52
3.5 34 44 47
4.0 64
4.5 22 57
-4.5 23 53 72 91
-5.0 2 66 77 82
5.5 20
-5.5 61
6.5 5 33
-7.0 58 93 96
7.5 3 55
-8.0 70
8.5 56
-9.0 36
9.0 69
-9.5 46
9.5 88
-10.0 60 79
11.5 65 94
-14.0 76
-14.5 24
-16.5 9
-16.0 78 95
18.0 99
-20.5 89
21.5 10
-21.5 17 59
-21.0 28
-24.5 42
-24.0 83
26.0 32
-27.0 27
-36.0 68
-37.5 73
44.0 75
49.5 51
-48.5 67
48.5 85
54.5 4
-56.5 63
59.0 7
-59.0 45
68.0 50
0.5 15 30 37 74
-0.5 29 31 87 92
1.0 6 38 62 71
-1.0 18 54
1.5 13 49 84 86
-1.5 80
