0.0 1 35 37 39 58
-2.0 3 8 12 21 40 72
2.5 51 96
-3.0 25
3.0 44 98
-3.5 5 45 60 91
3.5 34 47
4.0 4 22 69
-4.0 43 80 93
-4.5 23 46 49 53
4.5 57
5.0 14 79
-5.0 15 67 97
-5.5 11
5.5 78 82
-6.0 2 19
6.0 41 68
-7.0 17
7.0 65
-7.5 61 66
-8.5 27 70 89
8.5 71 84 88
9.0 32
-9.0 48
-10.0 55
10.0 59
-10.5 6
11.5 0
13.0 26
-15.5 83
-16.0 94
-17.0 76
18.5 99
-20.0 24
24.0 74
-25.5 9
26.5 86
-28.0 56
-29.0 42
-30.5 33
37.5 10 95
37.0 63
46.0 28
-47.0 62
64.5 7
78.0 50
-0.5 30 31 75 85
0.5 64 73 77 87 90 92
1.0 16 29 36 38
-1.0 18
1.5 13 20 81
-1.5 52 54
