-2.0 12 21 54 58
0.0 35 39 77
-2.5 3 25 40 85
2.5 98
3.0 44 96
-3.5 5 15 45 72 91
3.5 14 34 69 78
-4.0 11 43 46 80
4.0 47
4.5 4 22 57
-4.5 23 49 53
-5.0 60 67 97
5.0 82
-5.5 17 19
5.5 79
-6.0 93
-6.5 2
-7.0 27
7.5 41
-8.0 61 66
-8.5 55 70
8.5 84
9.0 32
-9.0 48
9.5 71
10.0 65 68 88
-10.5 6
11.0 0 59
-11.0 89
-13.0 83
14.5 26
-16.5 76
-18.0 94
19.5 99
-20.5 9 24
26.5 74
28.5 86
-29.0 33
-29.5 56
-31.0 42
37.5 10
38.5 63
43.0 95
45.5 28
-48.5 62
64.0 7
85.0 50
0.5 1 36 37 64 73 75 90 92
-0.5 30 31
1.0 16 29 51
-1.0 18 52 87
-1.5 8
1.5 13 20 38 81
