-2.0 8 12 15 25 40
2.0 13 14 78
0.0 29 35 36 37 39 52 73 77
-2.5 3 21 54
-3.0 11 91
3.0 47 96 98
-3.5 5 45 46
3.5 34 44
-4.0 58 80
4.0 69
4.5 22 57
-4.5 23 43 49 53 72 85
-5.0 19 67
5.0 82
5.5 79
-5.5 97
-6.5 60
6.5 68 87
-7.0 2 17
7.0 4
-7.5 93
-8.0 6 61
-8.5 27 48 66 70
8.5 84
9.0 32 41
10.0 0
10.5 71
-11.0 76
-11.5 55
11.5 59 88
12.0 65
-12.0 89
-13.5 83
15.0 26
19.0 99
-20.5 9
-20.0 94
-22.0 24
27.5 74
-28.5 33
-29.0 56
-33.5 42
34.0 86
40.0 10
41.5 63
45.5 95
47.5 28
-49.0 62
60.5 7
82.5 50
0.5 1 64 92
-0.5 30 31
1.0 16 90
-1.0 51
-1.5 18
1.5 20 38 75 81
