-2.0 8 11 12 18 25
2.0 13
0.0 35 39
-2.5 40 91
-3.0 3 45 51
3.0 96 98
-3.5 15 17 46
3.5 34 44 47 68
-4.0 5 19 80
4.0 69
4.5 22 57 82
-4.5 23 43 49 53
-5.0 67 72 97
-5.5 85
-6.0 58
-7.0 2
-7.5 76
8.0 4 87
-8.0 48 60
8.5 32 84
-8.5 61 70
-9.0 6 66
10.0 41 79
10.5 88
-11.0 27
11.5 65 71
12.0 0 26 59
-12.0 93
-12.5 55
-13.0 89
-15.0 83
-20.5 9 94
21.0 99
-22.5 33
-24.0 24
-28.5 56
30.0 74
-33.5 42
33.5 86
40.0 10
43.0 63
44.5 28
45.5 95
-50.5 62
58.5 7
78.5 50
0.5 1 14 37 52 64 73 78 90 92
-0.5 30 36 77
1.0 16 20 81
-1.0 29 31
-1.5 21 54
1.5 38 75
