-2.0 12 91
2.0 38
0.0 39
-2.5 8 21 40 45
2.5 98
-3.0 29 46
3.0 47 96
-3.5 3 5 19
3.5 34 44
-4.0 53 80
4.0 57 69 82
4.5 22 68
-4.5 23 43 49 51
-5.0 67 85 97
-5.5 72 76
6.5 65
-7.0 2
-7.5 15 58
7.5 87
8.0 32 88
-8.0 48
8.5 4 84
-8.5 61 70
-9.0 6 60 66
10.5 41 79
-10.5 89
12.0 59
-12.5 93
-13.0 27
-14.0 55
-15.0 83
17.0 0 71
-19.5 9
-22.5 33
23.0 99
-24.0 24
-25.5 94
-27.5 56
30.5 74
31.5 86
-33.5 42
39.5 10
42.0 28
42.5 63
44.5 95
-49.5 62
56.0 7
78.0 50
0.5 1 35 64 73 92
-0.5 11 30 31 37 77
-1.0 14 17
1.0 16 20 52 81 90
1.5 13 75
-1.5 18 25 26 36 54 78
