2.0 13
-2.0 14 36 40
0.0 35 37 39 73
-2.5 8 12 21 26
2.5 38 47
-3.0 19 45 46 78
3.0 44 96 98
3.5 34 82
-4.0 3 5
4.0 57 69
4.5 4 22
-4.5 23 29 49 53 76 80 85
-5.0 43 67 72 97
5.0 88
-5.5 51
-6.0 17
-6.5 15
6.5 68
-7.0 2
7.0 87
7.5 32
-7.5 48
-8.0 89
-8.5 61
8.5 84
-9.0 58 70
-9.5 60
-10.0 66
10.5 41
-11.0 27
-11.5 6
12.0 59
-12.0 83
12.5 79
-14.0 93
-14.5 55
18.5 71
20.5 0
-21.0 33
-24.5 9 94
-25.0 24
25.5 99
-29.0 56
29.5 86
30.0 74
-32.0 42
39.0 10
40.5 28
40.0 63
-44.0 62
48.5 95
56.0 7
75.5 50
0.5 11 64 90 92
-0.5 30 31
1.0 1 16 20 52 81
-1.0 25 77 91
-1.5 18 54
1.5 65 75
