-2.0 12 21 26 40
2.0 13
0.0 35 39
-2.5 8 14 19 36 46 54
2.5 38 82 98
3.0 96
-3.5 5 45
3.5 44 47
-4.0 3 53 80
4.0 22 34 57 69
4.5 4 65 88
-4.5 23 49 78 97
-5.0 43 67 72 85
-6.0 29
6.0 87
-6.5 2 51
7.0 32 68
-7.0 48 89
-7.5 15
8.5 84
-9.0 61 70
-10.0 58 66 83
-10.5 17 60
10.5 41
-11.5 6 27
12.0 59
-13.0 93
-14.0 55
16.5 79
-18.5 33
18.0 71
21.0 0
-25.5 24 56
-26.5 94
-27.5 9
27.5 99
-30.5 42
30.5 74
33.0 86
37.5 28
38.0 10
42.0 63
-44.5 62
51.0 95
53.5 7
80.5 50
0.5 1 64 73 75 90 92
-0.5 25 30 31
1.0 11 16 20 37 52 81
-1.0 77 91
-1.5 18 76
