2.0 11 13 82
-2.0 12 19 21 46 54 76
0.0 25 35 39 91 92
-2.5 8 40
-3.0 5 14 36 45
3.0 38 44 47 96 98
3.5 34
4.0 22 57 69
-4.0 53 72 80
-4.5 3 23 49 97
-5.0 43 67 85
5.0 87
5.5 65
-6.0 2 78
6.0 4
6.5 32
-6.5 89
-7.0 48
-7.5 29 51
8.5 84
-9.0 61 70
9.0 68
-9.5 17
9.5 88
-10.0 15
10.0 41
-10.5 66 83
-11.0 27 58 60
11.0 59
-14.0 93
-15.0 55
-15.5 6
16.5 71
17.0 79
-19.0 33
21.0 0
-22.0 24
-24.5 56 94
25.5 99
-28.0 9
-29.0 42
29.5 74
31.5 28
34.5 86
38.5 10
38.0 63
-44.5 62
53.0 7
52.5 95
88.0 50
-0.5 30 75
0.5 37 64 73 81
1.0 1 16 20 52 90
-1.0 18 31 77
-1.5 26
