-2.0 12 18 21 46 75
2.0 13
0.0 30 35 37 39 91
-2.5 8 40
2.5 11
-3.0 14 45 72
3.0 38 44 96 98
-3.5 5 36
3.5 34 69
-4.0 23 80 89 97
4.0 47 57
-4.5 3 49 53
4.5 22 87
-5.0 43 67 85
-5.5 2 76
5.5 32
-6.0 48
6.5 4
-6.5 17
7.0 65
-7.5 51 78
-8.5 29
8.5 84
9.0 41
-9.0 61 70
-9.5 27
9.5 71
10.5 59
-10.5 83
-11.0 58 60 66
11.0 88
11.5 68
-13.0 15
14.0 79
-15.0 55
-16.0 6
-17.0 93
-19.5 33
-20.0 94
20.0 99
21.0 0
-22.5 56
-24.5 24
-29.0 9
-29.5 42
30.0 74
31.5 86
32.0 28
35.5 10
39.0 63
-46.0 62
53.5 7
54.5 95
86.5 50
0.5 25 64 73 81
-0.5 26 92
1.0 1 16 52 82 90
-1.0 19
1.5 20
-1.5 31 54 77
