-2.0 12 21 40 54 76
2.0 13
0.0 35 39 82
-2.5 8 14
3.0 11 44 96 98
-3.0 45
3.5 34 38 57 87
-3.5 75 97
-4.0 5 36 53 89
4.0 47 69 71
4.5 22
-4.5 23 49 80 85
-5.0 2 3 67
5.0 32
-5.5 43
-6.0 17 48
7.5 41 65
-7.5 51
-8.0 78
8.5 4 84
-9.0 27 29 61 70
9.5 59
-10.5 58
-11.0 60 66
-12.0 15
12.5 79
-14.5 6 55 83
14.5 88
15.0 99
15.5 68
-18.0 93
-19.0 94
-20.0 33
-21.5 56
23.0 0
-24.0 24
-26.5 9
-29.5 42
33.0 28
33.5 74
32.5 86
34.5 10
-45.0 62
45.0 63
59.5 7
58.5 95
85.5 50
0.5 1 37 52 64 73 81
-0.5 92
1.0 16 25 90 91
-1.0 19 30 31
-1.5 18 26 46 72 77
1.5 20
