-2.0 12 14 26 41 54 80 86
0.0 35 37 40 43
2.0 39 81 84 98
-2.5 8 21
2.5 11 90
-3.0 1 48 52 66 79
3.0 71
3.5 25 34 44 47
-3.5 72
-4.0 0 53 87
4.5 22 57
-4.5 23 82 91
5.0 33
-5.0 61 97
-5.5 2 77
5.5 20 56
-6.0 28
6.0 49
6.5 69
7.0 5 55 64
7.5 3
-7.5 93 96
-8.0 70
-9.0 36 58
9.0 88
-9.5 46
-11.0 60
11.0 94
-11.5 9
12.0 65
-12.0 95
-16.0 76
17.5 99
-18.0 24 78
-19.0 42
-21.0 89
-22.5 59
-23.5 17
25.0 10
26.0 32
-26.0 83
-30.5 27
-33.0 73
-38.5 68
44.0 75
-47.5 67
49.0 85
51.0 51
52.0 4
-54.0 63
56.0 7
-64.5 45
66.0 50
0.5 16 74
-0.5 19 29 31 92
1.0 6 15 30 38 62
1.5 13
-1.5 18
