-2.0 8 21 27 77
2.0 13 71
0.0 19 35 39 52 73 81
-2.5 12 40 54
2.5 47 87 98
3.0 11 44 96
-3.0 17 45 76 97
3.5 34 38 57 69
-4.0 5 53 80
4.0 32
-4.5 2 23 36 49 85
4.5 22
-5.0 3 67 75 89
-5.5 43 48
6.0 41
-6.5 9
-7.0 51
-8.5 29
8.5 59 84
9.0 4
-9.0 61 70 78
-9.5 58
10.0 65
-10.5 60
11.0 79
-11.5 66
13.0 68
-13.5 55
13.5 88
-14.0 15 93
14.5 99
-18.5 94
-19.5 6
-19.0 56 83
-22.0 24
23.0 0
-24.5 33
-29.0 42
32.5 10 86
32.0 28
35.0 74
-44.5 62
46.0 63
58.0 95
63.5 7
88.5 50
0.5 25 37 64
-0.5 72 82
1.0 16 90 91
-1.0 18 30 31 92
1.5 1 20
-1.5 14 26 46
