-2.0 8 17 77
2.0 13 20 87
0.0 19 35 37 39 76 81
-2.5 12 21 40 97
2.5 47 71 98
3.0 4 11 96
-3.0 45
-3.5 5
3.5 32 34 44 57
-4.0 2 23 53 80 89
4.0 22 38 69
4.5 41
-4.5 49 67 85
5.0 27
-5.0 36 48
-5.5 3 26 43
-6.0 9 75
-6.5 51
7.0 59
-7.5 29
-8.0 58
8.0 84
-8.5 70 93
8.5 79
-9.0 61
-9.5 78
-10.0 60
-11.5 66
13.0 88
13.5 68
14.5 99
-15.0 15
-16.5 55
-17.5 6
17.0 65
-18.0 56 94
-18.5 83
-19.0 24
22.0 0
-26.0 42
-27.0 33
28.0 10
31.5 28
32.0 86
35.0 74
-44.5 62
47.0 63
57.0 95
62.5 7
91.5 50
0.5 1 64 73
-0.5 14 52
1.0 16 25 72 90
-1.0 30 31
-1.5 18 46 54 82 92
1.5 91
