-2.0 8 12 40 77 92 97
2.0 13 20 91
0.0 30 35 39 73 81
2.5 11 41 72 96
-2.5 21 82
3.0 4 32 98
-3.5 2 5 45
3.5 44 47 57 69
4.0 22 34 38
-4.0 23 80
-4.5 48 49 53 67 85
5.0 25 79
-5.5 3 36 43 51
6.0 59
-6.0 93
-6.5 29 58
-7.0 75
-7.5 9 89
7.5 27
8.0 84
-8.5 70
-9.0 26 61
-9.5 60 78
-12.0 66
14.0 68
14.5 99
-16.5 6
-16.0 15
16.0 88
-17.5 56
-18.0 83
19.5 65
-21.0 55
-22.0 94
-24.0 24 42
27.5 0 10
29.5 28
-29.0 33
32.5 86
38.0 74
-44.5 62
45.5 63
58.5 95
66.0 7
93.5 50
0.5 1 14 19 37 64
-0.5 71 76
1.0 16 87 90
-1.0 18 31 46
1.5 17
-1.5 52 54
