-2.0 8 12 18 40 54
2.0 11 14 32
0.0 35 39 87
2.5 20 25 44 91 98
-2.5 52 77
-3.0 2 82 92
3.0 96
-3.5 5 45
3.5 47 57 72
4.0 34
-4.0 51 53 80
4.5 22 38 59 69
-4.5 23 48 49 58
5.0 4
-5.0 29 67 85 93
-5.5 3 36 43
-6.5 89
-7.5 9 75
-8.0 26
8.0 84
8.5 27
-8.5 60 70
-9.0 61
9.0 79
-9.5 78
11.0 50
-11.5 15
-12.0 66
14.0 68
-15.0 56
15.5 99
-16.5 6
18.0 65
18.5 88
-20.0 55
-21.5 83
-22.0 24
-22.5 94
-24.5 42
25.5 28
26.5 0
26.0 10
-29.5 33
35.5 86
36.5 74
47.0 63
-48.0 62
58.0 95
67.5 7
-0.5 30 31 76 81
0.5 37 41 64 73
1.0 1 16 90
-1.0 46
1.5 13 19 71
-1.5 17 21 97
