-2.0 8 12 51
0.0 35 39
2.5 20 91 98
-2.5 21 40 77
-3.0 2 29 52 58
3.0 4 44 47 57 59 71 76 96
-3.5 5 17 45 92
3.5 14 34
-4.0 23 48 80 82 93
4.0 69
4.5 22 38 72
-4.5 49 53 85
5.0 50
-5.0 67
-5.5 3 43
-6.0 36
-6.5 89
-7.0 26
7.0 79
-7.5 60
7.5 84
-8.0 75
-8.5 15 70
-9.0 61
-9.5 78
-10.0 9
-12.5 66
13.0 27
13.5 99
-14.0 56
14.0 68
-17.5 6
19.5 65 88
-20.0 55
22.0 10
-23.0 24 94
23.0 28
-23.5 83
-27.5 42
28.0 0
-29.0 33
31.5 74
35.5 86
47.0 63
-48.0 62
60.0 95
66.5 7
-0.5 25 30 31 46 81 87
0.5 37 64 73
1.0 1 16 90
-1.0 18 41 97
1.5 11 13 19 32
-1.5 54
