-2.0 8 12 25 40
2.0 13 19
0.0 30 39
-2.5 21 77
2.5 98
-3.0 2 41
3.0 20 44 47 57 76 91 96
-3.5 5 17 45 48 58
3.5 34 71
-4.0 52 53 80 92
4.0 69
4.5 22 38
-4.5 23 49 67 82
5.0 14 72 99
-5.0 85
-5.5 3 43
5.5 4 50
-6.0 36 60
6.5 79
7.0 84
-8.0 26 70 75
-8.5 61 78
-10.0 15 89
-12.5 9
-13.0 66
13.5 27
-15.5 6
16.0 68
-18.0 56
19.0 88
-20.5 55
-21.0 83
23.5 10
-23.5 94
-25.0 24
25.0 28
25.5 65
-28.5 33 42
29.0 0
29.5 74
37.5 86
46.5 63
-48.5 62
60.5 95
65.5 7
0.5 1 11 35 37 64 73
-0.5 31 46 51 81 97
1.0 16 32 90
-1.0 93
-1.5 18 29 54 87
1.5 59
