-2.0 12 18 21 54 58
2.0 13
0.0 25 29 35 39 59 97
-2.5 8 40 87
2.5 19 96
-3.0 45 48 77
3.0 57 71 91 98
3.5 20 34 44 47 50
-3.5 23
-4.0 2 5 80
4.0 69
-4.5 17 41 49 53 60 67 85 92
4.5 22 38 99
-5.0 52
5.0 72 76
-5.5 3 43 82
-6.0 36
6.5 14
7.0 84
7.5 4
-7.5 75 78
-8.0 70
8.0 79
-8.5 61
-10.0 26
-12.0 15
-12.5 6 89
12.5 68
-13.0 66
-14.0 9
14.0 27
-16.0 56
-20.5 55
21.0 65
-21.0 83 94
23.0 88
24.0 10
-26.5 24
26.5 28
-27.0 42
-28.0 33
31.0 74
32.5 0
35.0 86
-46.5 62
48.0 63
62.5 95
68.5 7
-0.5 11 46
0.5 32 37 64 73 90
1.0 1 16 93
-1.0 30 31 81
1.5 51
