-2.0 8 12 21 54
0.0 32 39 73
2.5 19 57 96
-2.5 40 48
3.0 44 47 71 91 98
-3.0 60 77 87
-3.5 5 45
3.5 20 34 51 69 93
-4.0 80
-4.5 2 23 49 53
4.5 22 25 50
5.0 38 72
-5.0 67 92
-5.5 3 43 85
5.5 99
-6.0 17 36 41 52 82
-6.5 75 78
6.5 84
7.5 14
8.0 4 79
-8.0 61 70
8.5 76
-9.0 26
-11.0 15
-11.5 6
11.5 68
-13.0 66
-13.5 89
-14.0 56
15.0 27
-15.0 83
-17.0 9
21.0 88
-22.5 55 94
22.0 65
-25.0 42
26.0 28
-27.5 24
-27.0 33
31.0 10
31.5 74
33.5 86
40.5 0
-47.5 62
48.0 63
64.5 95
69.0 7
0.5 29 35 37 64 97
-0.5 31 46
1.0 1 16 90
-1.0 30 81
-1.5 11 18 58 59
1.5 13
