-2.0 8 40 48 54
0.0 37 39
2.0 93
-2.5 12 21 59
2.5 19 57
-3.0 11 77
3.0 44 96 98
-3.5 5 45 87
3.5 34 47 71 91
4.0 20 69
-4.0 53 80
4.5 22 72
-4.5 23 49
-5.0 2 67 75 78
5.0 38 51
-5.5 3 43 85 92
-6.0 36
6.0 84 99
-6.5 15 52 82
6.5 25 50
-7.0 41
7.0 76
-7.5 70
8.0 4
-8.0 61
9.0 14
-9.0 17
9.5 79
-9.5 89
-10.5 6
-11.0 26
-13.0 66
13.5 68
-14.0 56
-16.0 83
20.5 65 88
-21.0 9
21.0 27
-21.5 42
-24.0 55
-24.5 94
-26.0 24
26.0 28
-28.0 33
33.0 10
36.0 74 86
40.5 0
44.5 63
-47.5 62
67.5 7
66.0 95
-0.5 30 31 32 35 46
0.5 64 73 90
1.0 1 16 29 97
-1.0 81
1.5 13
-1.5 18 58 60
