-2.0 18 21 48
0.0 35 39 60
-2.5 8 12 40
2.5 57 96
3.0 19 44 72 91 98
-3.0 45 58 77 78
-3.5 5 59 75
3.5 47 69
-4.0 11 53 80
4.0 34
4.5 20 22
-4.5 23 49 87
5.0 38
-5.0 67 85 89
-5.5 2 3 36 43
5.5 71
6.0 50 84
-6.0 92
6.5 51 99
-6.5 82
-7.0 17
7.0 76
-7.5 15 41 52 61 70
8.0 25
9.0 4
-9.5 6
9.5 14
10.5 79
-13.0 66
13.5 68
-14.0 56
-14.5 26
18.5 88
-19.0 42
20.5 65
-21.5 9
-21.0 83
-22.5 55
24.5 27
-24.5 94
25.5 28
-26.0 24
-27.5 33
31.0 10
36.0 86
41.0 0
40.0 74
43.0 63
-52.5 62
66.5 7 95
0.5 1 29 37 64 73
-0.5 31 32 46
1.0 16 90 93 97
-1.0 30
1.5 13
-1.5 54 81
