2.0 11 39 81
-2.0 12 52 54
0.0 16 35 40 43
-2.5 8 21 41 72
2.5 84 90
-3.0 1 48
3.0 71 98
-3.5 0 26 66 82
3.5 25 34 44
4.0 33 47
-4.0 53
4.5 22 57
-4.5 23 61 86 87
-5.0 77 79 91
5.5 20
-6.0 2
6.0 28 69
-6.5 97
7.0 5 55
-7.5 93
8.0 3 64
-8.0 96
8.5 49 88
-8.5 70
-9.0 36 46
-10.0 58
10.5 65
-11.0 60
11.0 94
-13.5 9 95
-15.0 24
17.5 99
-18.0 42
-18.5 78
-20.0 76
-23.0 89
24.0 10
25.5 32
-25.0 59
-25.5 83
-26.5 17
-28.5 73
-31.0 27
-37.5 68
-46.0 67
47.5 85
49.0 4
49.5 51
48.5 75
51.0 7
-54.5 63
-67.5 45
65.0 50
0.5 6 62 74
-0.5 14 29 31 37 56
1.0 15 30 38
-1.0 19 92
1.5 13
-1.5 18 80
