-2.0 8 12 18 40 54 75
2.0 13 72
0.0 35 39
-2.5 21
2.5 47 57
3.0 19 44 71 91 96 98
-3.0 45
-3.5 5 77 89
3.5 34 69
-4.0 23 58 80
-4.5 2 49 53 59 85
4.5 20 22 38
-5.0 3 67 87
-5.5 11 36 43
5.5 84
-6.5 17 92
6.5 76 93
-7.0 70 82
7.0 99
-7.5 61
-8.0 6 15 41 52
8.0 50 51
9.5 79
10.0 14
12.0 25
12.5 4
-13.0 66
13.5 68
-14.5 56
-17.0 26
-17.5 42
17.5 88
21.5 27
-21.5 55
21.0 65
-22.0 9
-24.5 83
-26.0 94
27.0 28
-29.5 24
30.5 10
-31.5 33
37.5 86
38.5 74
44.0 0
47.5 63
-54.5 62
65.0 95
72.0 7
0.5 1 37 64 73
-0.5 29 30 31 32 46
1.0 16 90
-1.5 48 78 81
1.5 60 97
