-2.0 8 29
0.0 35 39 78
-2.5 12 21 40
2.5 57 60
3.0 19 71 91 96 98
-3.0 45
-3.5 5 77 89
3.5 34 44 47 69
-4.0 53 80
4.5 22 38
-4.5 49 85
-5.0 2 3 23 36 43 59 67
5.0 20 84
5.5 76
-5.5 87
-6.0 15
-6.5 11 58 70 92
-7.0 61
7.0 99
-7.5 41 82
-8.0 6
-8.5 52
-9.0 17
9.5 50 51
10.0 4 14
10.5 93
12.0 79
13.0 25 68
-13.0 66
-14.5 42
14.5 88
-15.5 26
-16.0 56
19.0 27
-19.0 55
-21.5 9
22.0 65
-24.5 83
25.0 28
28.5 10
-28.0 33
-28.5 94
-31.5 24
37.0 86
38.5 74
42.5 0
49.0 63
-53.0 62
66.5 95
76.0 7
-0.5 30 46
0.5 64 73
1.0 1 16 37 72 90
-1.0 18 31 32 48 75
1.5 13 97
-1.5 54 81
