-2.0 8 12 40 54 81
2.0 13 57 78
0.0 35 37 39
-2.5 21
2.5 91 98
3.0 19 96
-3.0 45 58
-3.5 29 77 89
3.5 34 44 47 69
-4.0 5 80
4.0 60 71
-4.5 2 23 49 53
4.5 4 22 38 84
-5.0 3 36 43 67 85
5.0 20
-5.5 15 59
5.5 76
-6.0 87
-6.5 61 70
-7.0 41 92
7.0 99
-7.5 11 82
8.5 25 93
-9.0 52
9.5 79
10.0 14
-10.5 17
10.5 51
11.5 50
-12.0 26
-12.5 6
-13.0 56 66
13.5 68
-15.0 42
15.0 88
-17.5 55
18.0 27
-20.5 9
22.5 65
23.0 28
-27.0 33 83 94
30.0 10
-30.5 24
34.5 86
38.0 0
41.0 74
-51.0 62
52.5 63
68.5 95
75.5 7
-0.5 46 48 72
0.5 64 73 75
1.0 1 16 90
-1.0 30 31 32
-1.5 18
1.5 97
