-2.0 8 12 21 54 72 81
2.0 13 57 89
0.0 35 39 48
-2.5 40 58
2.5 44 76 91
3.0 19
-3.5 5 45 77
3.5 34 47 69 71 78 96 98
4.0 4 84
-4.0 80
-4.5 3 23 36 49 53
4.5 22 38 79
-5.0 2 29 43 67 85
5.0 60
5.5 20
-5.5 59
6.0 25 93
-6.0 70 87
-6.5 41 61
-7.0 92
7.0 99
-7.5 82
-8.5 11
-9.0 17 26 52
9.5 14
-11.0 6
11.0 51
-12.5 42
-13.0 66
14.0 50
-15.5 56
16.5 88
17.0 27 68
-20.0 55
20.0 65
21.5 28
-23.5 9
-26.0 94
-27.0 83
-28.0 24
-30.0 33
31.5 10
35.0 86
37.0 0
39.5 74
-46.0 62
54.5 63
70.0 95
74.5 7
0.5 1 64 73
-0.5 30 31 32 46
1.0 16 37 75 90
-1.0 18
-1.5 15
1.5 97
