-2.0 8 12 40 81
2.0 13 57 91
0.0 30 35 39 44 48 73
-2.5 21
2.5 98
-3.0 15
3.0 19 96
3.5 4 34 47 79 84
-3.5 45 72 77
-4.0 3 5 36 80
4.5 22 38 69 76
-4.5 23 49 53 67 85
-5.0 41 43
5.0 78 89
-5.5 2 59 70
5.5 20
6.0 60
-6.0 61
-6.5 29 87
-7.0 82
7.0 99
7.5 25
-7.5 92
8.5 14
-9.0 11 52
-10.0 17
10.0 93
-10.5 26
-11.0 6
11.0 51
-13.0 66
14.0 27
-14.0 42
15.0 88
16.0 50 65
17.0 68
-19.0 56
-20.0 55
21.0 28
-24.5 9
-25.5 94
26.0 10
-27.0 83
-29.5 24
-30.0 33
34.5 0
36.0 86
39.0 74
-42.0 62
54.0 63
70.0 95
72.5 7
0.5 1 37 64 90
-0.5 31 32 46
1.0 16 71 97
-1.0 58
-1.5 18 54
1.5 75
