0.0 8 32 35 37 39
-2.0 12 40 54 58 81
2.0 13 57 75 79 98
2.5 19 44 96
-2.5 21
3.0 4 47
-3.0 36
-3.5 5 41 45 77
3.5 71
-4.0 3 72 80
4.0 22 34 38 69
-4.5 23 43 49 53 67
-5.0 2 85
5.5 20
-5.5 59 61 70
6.0 89
6.5 25 60 76 78 99
-6.5 87
-7.0 15 82
7.5 14
-7.5 92
-8.0 29
8.5 93
-9.0 52
-9.5 11
10.5 51
-11.0 17
-12.0 6
-12.5 66
-13.5 42
13.5 88
-14.0 26
14.5 27
15.0 50
15.5 68
17.0 65
-19.5 56
-20.5 55
21.0 28
-22.0 9
-22.5 83
23.5 10
-23.0 94
-31.5 33
-32.0 24
34.5 0
36.0 86
-38.5 62
42.0 74
53.5 63
66.0 7
73.0 95
0.5 1 48 64 73 90
-0.5 30 46
1.0 16 84 97
-1.0 31
-1.5 18
1.5 91
