-2.0 12 41 45 58
0.0 32 35 37 39
2.5 4 19
-2.5 21 36 40 81
3.0 79 96 98
-3.5 3 5 77
3.5 8 34 44 47 84
-4.0 15 23 80
4.0 38 69
4.5 22
-4.5 43 49 53 59
-5.0 2 67 70 72 85
5.5 20
-5.5 61
6.0 14 99
6.5 71 89
-6.5 82 87
7.0 60
7.5 78
-7.5 92
8.0 25
-8.5 52
-9.0 29
-9.5 11
10.0 51
-10.5 17
-11.0 6
11.0 76 93
-12.5 66
13.0 88
-14.0 42
-15.5 26
16.5 65 68
17.5 27
17.0 50
-19.5 56
20.5 28
-21.0 9 94
-21.5 55 83
23.0 10
-31.5 33
-33.0 24
35.0 0
-39.5 62
39.0 74
40.0 86
50.0 63
63.0 7
69.0 95
0.5 1 64 73 97
-0.5 30 31
1.0 16 48 90
-1.0 46
1.5 13 57 75 91
-1.5 18 54
