2.0 19
-2.0 21 36 58
0.0 35 39 41 73
-2.5 12 40 81
2.5 47
-3.0 3
3.0 96 98
3.5 34 38
-3.5 77
-4.0 5 23 59 80
4.5 14 22 69
-4.5 43 49 53
-5.0 2 61 67 70
5.0 79 89
5.5 8 20 25 99
-5.5 72 85
-6.0 82
6.5 84
-6.5 87
7.0 71
-7.0 92
7.5 60
-8.0 52
8.5 78
-9.0 17 29
9.0 51
-9.5 11
-11.0 42
-12.5 6 66
12.5 88 93
13.0 76
14.5 68
17.0 28
-17.0 94
-18.5 26
18.5 65
-19.5 56
21.5 50
-22.0 9
22.0 27
23.0 10
-23.5 83
-24.0 55
-29.5 33
-33.0 24
38.5 0 74
-40.0 62
41.5 86
50.0 63
68.0 7
68.5 95
0.5 15 32 37 64 75 97
1.0 1 16 48 90 91
-1.0 30 31 46
1.5 4 13 44 45 57
-1.5 18 54
