-2.0 12 40
2.0 13 19 98
0.0 35 39 97
-2.5 21 58 81
2.5 44
-3.0 3 59
3.0 14 96
-3.5 5 77
3.5 34 38 47
4.0 15 25 69 79 84
-4.0 43 80
-4.5 17 23 49 53 61 70
4.5 22
-5.0 2 67 72 85
5.0 71 89 99
5.5 20
-5.5 82
-6.5 87
-7.0 92
7.5 8 60
-7.5 52
8.0 51
-8.5 29
9.0 78
-9.5 11
-11.5 6 42
-12.0 66
13.5 88
14.0 28 93
16.5 76
18.0 65 68
-18.0 94
19.5 27
-20.0 9 26
-21.0 56
24.5 50
-24.5 83
25.5 10
-28.5 24 33
-29.0 55
37.0 0
-39.0 62
40.5 74
43.0 86
49.0 63
65.0 7
65.5 95
-0.5 30 31 75
0.5 37 64 73 90 91
1.0 4 16 32
-1.0 46
1.5 1 41 45 48 57
-1.5 18 36 54
