0.0 4 30 35 39 91
-2.0 18 40 44 59
2.0 32
-2.5 3 12 81 84
-3.0 17 21
3.0 38 47 96 98
-3.5 5 77
3.5 34 41 79
-4.0 23 43 61 70 80
4.5 22 69 71 99
-4.5 49 53 85
5.0 15
-5.0 67 72 82
-5.5 2
5.5 20
-6.0 87
6.5 51 89
7.0 8
-7.0 52 92
-7.5 29 58
7.5 60
-9.0 11
9.5 78
-12.0 66
13.0 28
-13.0 42
13.5 88 93
-14.0 6
15.0 65
-15.0 94
-19.5 26
19.5 76
-20.5 56
20.0 68
-21.0 9
21.0 27
23.5 50
-24.0 24
-25.5 83
26.5 10
-28.0 55
-29.5 33
32.5 0
-37.5 62
39.5 74
43.5 86
49.5 63
61.5 95
63.0 7
0.5 37 64 73 90
-0.5 97
1.0 1 16 45
-1.0 31 36
1.5 13 14 19 25 48 57
-1.5 46 54 75
