2.0 11 13 81
-2.0 12 18 41
0.0 16 35 40 74
-2.5 8 21 48 82
2.5 33 90 98
-3.0 1
3.0 44 84
3.5 25 34 47
-3.5 79
-4.0 0 23 61 66
4.5 22 57
-4.5 26 53
5.0 71
-5.0 77 91
5.5 20
-5.5 87
6.0 69
-6.0 86
-6.5 2
6.5 55
-7.0 97
7.5 5 94
-7.5 93
8.0 3 65 88
-8.0 96
-8.5 70
-9.0 36 46
9.5 28 64
10.0 49
-10.5 9 58
-11.0 60
-11.5 95
-16.5 42
-17.0 24 78
20.0 99
-23.5 76
-24.5 59 83
-24.0 89
25.5 10
28.0 32
-29.5 17
-30.5 27
-31.5 73
-33.0 68
42.0 51
-42.5 67
48.5 4
49.5 75
48.0 85
50.5 7
-57.0 63
62.5 50
-66.0 45
0.5 6 38 62
-0.5 29 31 43 80
1.0 14 30
-1.0 37 52 54 92
1.5 15 39
-1.5 19 56 72
