0.0 1 14 35 36 39 73 84
-2.0 3 12 17
2.0 48 79
-2.5 21 40 54 81
2.5 32 98
3.0 8 38 96
-3.0 75
-3.5 5 70 77
3.5 47 69
4.0 22 34 99
-4.0 43 53 61 72 80
-4.5 23 49 82 85
4.5 89
5.0 51
-5.0 67
-5.5 2 87
5.5 20 41
-6.0 29 44
-6.5 52 92
7.0 60
7.5 71
-8.5 11 58
9.5 15 78
-10.5 6
-11.0 42
-11.5 66
13.5 28 88
14.0 65
14.5 93
-17.5 94
-21.5 26
21.5 50 68
-22.0 9 56
-23.5 24 55
23.0 27 76
-26.5 83
27.5 10
-27.5 33
-37.0 62
38.0 0
41.5 74
42.0 86
45.5 63
57.5 95
60.0 7
-0.5 4 25 30 59 91 97
0.5 37 64 90
1.0 16 19 31
-1.0 18
1.5 13 45 57
-1.5 46
