-2.0 3 46 54
0.0 35 39
2.0 98
-2.5 12 40 81
2.5 38 48
3.0 17 32 51 96 97 99
-3.0 70 72
-3.5 5 21 43 61 77 82
3.5 34 47 69 89
-4.0 29 80
-4.5 2 23 25 49 53 75
4.5 8 22
-5.0 67 85
5.5 20
-5.5 52 87
6.0 60
-6.0 92
6.5 31
-6.5 42 58
7.0 41
-7.5 11
7.5 15
-8.5 6
8.5 71
-9.0 44
9.5 78
-11.0 66
11.5 28
12.5 93
13.0 88
14.5 65
18.5 68
-19.0 94
20.0 50
-21.0 55
-21.5 56
-22.0 24
22.5 76
-23.5 83
24.5 27
-24.5 33
-25.0 26
-27.0 9
27.0 10
-35.0 62
38.0 0
41.0 74
41.5 86
45.5 63
54.5 7
58.5 95
0.5 19 36 37 45 64 73 79 90
-0.5 30
1.0 1 16 57 59 84
-1.0 14 18 91
-1.5 4
1.5 13
