-2.0 4 12 14 46 72
0.0 35 39 73
-2.5 29 40 70 81
2.5 38 48 59 98
-3.0 42 61 82
3.0 96 97 99
-3.5 5 43 77
3.5 34 47 69
4.0 17 32
-4.0 23 80
4.5 15 22
-4.5 49 52 53 67
5.0 20 60
-5.0 85 87
-5.5 2 25 75 92
-6.0 21
6.0 31 71
-6.5 6 11 58
7.5 89
8.0 8
8.5 41
9.0 78
-10.5 44
-11.0 66
12.0 65
13.0 88
13.5 28
14.5 93
15.5 50
17.0 68
-19.5 56
-20.5 94
-21.5 33
-22.5 55
-23.5 24 83
23.5 76
-24.5 26
24.0 27
-27.0 9
28.5 10
-34.0 62
39.0 0
39.5 86
40.5 74
50.0 63
54.0 7
59.5 95
0.5 1 19 37 64 90
1.0 16 36 45 51 57 84
-1.0 30 79
-1.5 3 18 54 91
1.5 13
