-2.0 12 46 82 91
2.0 13 38 71
0.0 19 35 37 39
-2.5 14 40 70 81
2.5 99
-3.0 4 43 61
3.0 47 48 96 98
-3.5 25 52 77
3.5 34 97
-4.0 5 53 80 87
4.0 15 59 60 69
-4.5 6 23 49
4.5 22 32
-5.0 2 58 67 85 92
5.0 17 20
-5.5 11
6.0 31
-7.0 21 75
7.5 89
8.0 8 78
9.5 41
-10.5 44 66
10.5 65
15.0 28
16.5 50
16.0 88
17.0 93
-18.0 33
18.5 68
-18.5 94
-20.5 56
23.0 76
-24.5 24
-24.0 26
24.0 27
-26.0 9
-26.5 55
-27.5 83
-30.5 62
31.0 10
37.5 86
39.5 0
41.5 74
53.0 63
58.5 7
63.0 95
-0.5 30 51 72
0.5 64 73 79
1.0 1 16 57 84 90
-1.0 3 29
-1.5 18 42 54
1.5 36 45
