-2.0 12 18 40 70
0.0 29 30 35 39
2.0 36 38 99
-2.5 46 51 61 91
2.5 60
-3.0 14 25 43 52 77 81
3.0 17 48 96 98
-3.5 4 5 87
3.5 31 34 47 69 79 84
4.0 22
-4.0 53 80
-4.5 6 11 42 44 49 85 92
4.5 20
-5.0 2 23 67
5.0 15 32 71 97
5.5 59
-7.0 58
7.0 78
-7.5 75
7.5 89
8.0 8
10.0 41 65
-10.0 66
-10.5 21
14.5 88
16.0 28
-16.0 33
18.0 50
-19.0 56
-20.0 94
21.0 93
22.5 27
-23.0 26
-23.5 55
23.5 76
24.5 68
-28.0 9 24
30.5 10
-30.0 62 83
37.0 86
42.0 0
44.0 74
55.0 63
58.5 7
63.0 95
0.5 1 37 64 73 90
-1.0 3 19 54 82
1.0 16 45 57 72
1.5 13
