0.0 1 35 39 73
-2.0 12 40 54 61
2.0 13 31 45 71 99
2.5 36 72 98
-2.5 81
-3.0 11 14 43 46 77 87 91
3.0 96
3.5 34 47 48 97
-3.5 52
-4.0 4 5 23 25 51 80 92
4.0 69
4.5 20 22
-4.5 42 49 53
-5.0 2 67 85
5.5 8 79 84
6.0 32 78
6.5 59
-7.5 6
-8.0 21 58 75
9.0 89
9.5 15
-10.0 66
10.5 41
13.5 65
-14.0 33
15.5 28
17.5 88
18.5 93
19.0 50
-19.0 94
-20.0 26
-20.5 56
21.0 27
21.5 76
26.5 10
-28.5 55
28.5 68
-30.5 24
-31.0 62
-32.5 9
-34.5 83
34.0 86
42.0 0
45.0 74
50.0 63
59.5 95
61.0 7
-0.5 3 30 44 82
0.5 37 64 90
1.0 16 29 57 60
-1.0 17
-1.5 18 19 70
1.5 38
