0.0 3 30 31 35 37 39 60 71
-2.0 11 12 19 54 61
2.0 13 45 99
-2.5 14 40 43 81 87
2.5 36 98
-3.0 17 46 77
3.0 96
3.5 34 47 48 72
-3.5 91 92
-4.0 5 23 53 80
4.0 20
-4.5 2 21 49
4.5 8 22 78
-5.0 4 67 85
5.0 69 84
-5.5 25 51
5.5 97
6.0 79
6.5 32
7.0 15 89
-7.0 58
8.0 59
-8.0 75
-8.5 52
-9.0 42
-9.5 6 66
10.5 41
11.0 28
12.0 65
-16.0 33
16.0 93
-18.0 26
18.0 27 50
18.5 88
-19.5 94
20.5 76
-21.0 56
25.0 10
-27.5 55
30.0 68
-31.0 9
-31.5 83
-32.0 24
32.5 86
-34.0 62
41.0 0
45.5 63
49.5 74
59.0 7
61.0 95
0.5 64 73 82 90
1.0 1 16 29 57
-1.0 70
-1.5 18 44
1.5 38
