0.0 3 35 39 73
-2.0 12 40 54
2.0 13
-2.5 19 43 81
2.5 78 99
3.0 36 47 96 98
-3.0 77 92
-3.5 5 46
3.5 20 34 69
-4.0 17 91
4.0 48
4.5 22 72
-4.5 23 49 53 58 80 85
-5.0 67
-5.5 2 4
6.0 15 84
6.5 8 97
-6.5 51
-7.0 6
7.0 32 79
-7.5 75
7.5 89
-8.0 25
8.5 28
-8.5 42
9.0 59
-9.0 66
10.0 41
-10.0 52
12.0 93
-13.5 33
15.0 88
15.5 65
20.5 27
-21.0 26 56 94
21.0 50
24.0 10
25.0 76
-26.5 55
29.5 68
-30.0 62
-30.5 83
-31.5 9
-32.0 24
33.5 86
40.0 0
43.5 63
52.5 74
60.0 7
61.0 95
0.5 1 29 30 31 37 64
-0.5 70
-1.0 11 44
1.0 16 38 57 90
-1.5 14 18 21 60 61 71 87
1.5 45 82
