-2.0 12 43 54
2.0 13 45 82
0.0 35 39 70
-2.5 40 58 77 81 92
2.5 99
-3.0 6 19 21
3.0 36 47 96 98
-3.5 5 46 60
3.5 15 20 34 69
-4.0 17 31 80
4.0 48 97
-4.5 2 49 53 91
4.5 22
-5.0 67 85
5.0 72
-6.0 4 71
-6.5 23 75
6.5 28
7.0 89
7.5 8 32
-7.5 25 51
-8.5 42 66
9.0 79
9.5 41 93
10.0 59 84
-11.5 52
-12.0 33
15.0 88
17.0 65
-18.5 94
19.5 27
-21.5 26
21.5 50
-24.5 56
25.0 10
-26.0 55
27.5 76
29.0 68
-30.0 24 62
-31.0 83
-34.0 9
38.5 0
39.5 86
41.5 63
51.0 74
57.5 7
65.0 95
0.5 3 11 37 44 57 64 73
-0.5 14 30 87
1.0 1 16 38 78 90
-1.0 29
-1.5 18 61
