-2.0 6 12 18 43 92
2.0 13
0.0 35 39 70 87
-2.5 17 29 40 77 81
2.5 98
-3.0 5
3.0 20 82 96 97 99
-3.5 19
3.5 34 36 47
4.0 15 48 58 69
-4.0 46 71 80
4.5 22
-4.5 49 53 60 85 91
-5.0 2 67
5.0 72
-5.5 75
-6.5 4 23 31
6.5 89
7.5 8
-7.5 25 51
-8.0 21 66
8.0 32 41
8.5 79 93
9.0 28
-9.5 42
10.0 84
11.0 59 88
-12.5 52
-13.5 24 33
-15.0 94
17.5 65
19.5 27
19.0 50
-22.0 26
23.5 10
-27.0 56
-28.0 55
28.0 68
-30.5 83
31.5 76
32.5 0
-32.0 62
-34.5 9
40.5 63
42.5 86
48.0 74
58.5 7
66.0 95
0.5 3 57 64 73 90
-0.5 44 78
1.0 11 14 16 37 38
-1.0 30
1.5 1 45
-1.5 54 61
