2.0 11 13 14 15 81 90 98
-2.0 19 41 54
0.0 35 40 72
-2.5 1 8 12 21
3.0 47
-3.0 48
-3.5 0 79
3.5 34 44 84
4.0 25 65
-4.0 61
4.5 22 57
-4.5 23 53 66
-5.0 77 91
5.5 20
-6.0 26
6.0 55 71 94
-6.5 86 97
-7.0 2
7.0 69
7.5 5 88
-7.5 87 93
8.0 3
-8.0 96
-8.5 36 70
-9.0 46
9.5 28
-9.5 95
10.0 64
-11.0 58 60
-12.0 9
12.5 49
-13.0 42
-16.5 78
18.0 99
-20.5 24
-20.0 59
-21.0 89
-23.0 83
-24.5 76
27.5 10
-29.0 17
30.5 32
-30.5 73
-33.0 27
-32.0 68
-39.5 67
44.0 51
48.5 4 75
49.5 7
48.0 85
60.0 50
-60.0 63
-63.5 45
0.5 6 16 38 62 74
-0.5 29 43 52 92
-1.0 31
1.0 33 56
-1.5 18 37 80 82
1.5 30 39
