2.0 11 13 58
-2.0 12 54
0.0 17 35 37 39
2.5 6 14 20 24
-2.5 40 77 78 81
3.0 96 97 98
3.5 36 47 69 82 99
-4.0 5 29 75 80
-4.5 2 19 46 49 53
4.5 22 48
-5.0 25 67 85 91
5.0 34 72
5.5 89
-6.0 60
6.5 41 84
-7.0 4 23 71
7.0 88
-7.5 51 66
-8.0 42
8.0 93
-8.5 31
8.5 32 79
10.5 8
11.0 28
11.5 59
-12.0 21
-13.0 52
-14.5 33
-15.5 94
16.0 65
19.5 50
22.0 27
25.5 10
-25.0 26
-25.5 56
-28.5 62
-29.5 55
29.5 76
30.0 68
32.0 0
-32.0 83
-35.5 9
37.5 63
45.0 74
46.0 86
57.5 7
66.5 95
0.5 1 3 38 44 57 64 70 73 90
-0.5 30
1.0 16 87
-1.0 61
1.5 15 45
-1.5 18 43 92
