2.0 13 87
-2.0 18 40 44
0.0 35 37 39
2.5 11 20 97
-2.5 12 75 77 81
-3.0 5
3.0 24 96 98
3.5 14 36
4.0 47 82
-4.0 78 80
4.5 15 22 48 69 72 99
-4.5 25 46 49 53 85
-5.0 2 19 67 91
5.0 41 89
-5.5 29
6.0 34 84
-6.5 31
-7.0 66
7.0 93
-7.5 4 23 51 60
7.5 88
-8.0 42
9.0 32
-9.5 71
-10.0 33
10.5 8 79
12.0 59
-12.5 21
-13.0 52
13.5 28
-15.0 94
16.5 65
18.5 50
-21.0 56
25.0 27
27.0 10
-27.5 62
28.5 76
-29.5 26
30.5 0
-31.0 55
31.0 68
-33.5 83
37.5 63
-40.0 9
45.0 86
46.5 74
55.5 7
65.0 95
0.5 6 38 57 64 73 90
1.0 1 3 16 17 70
-1.0 30 58 61 92
-1.5 43 54
1.5 45
