-2.0 12 58 77
0.0 35 39
-2.5 25 40 81
3.0 11 17 24 41 87 96 98
3.5 36 47 72
-4.0 5 80
4.0 69
4.5 22 48 82
-4.5 49 53 85
-5.0 2 46 67 91
5.0 99
5.5 14 88 89
-5.5 19 23 44 78
-6.0 33
6.5 34
-6.5 51 66
-7.0 29
-7.5 31
7.5 93
-8.0 4
8.0 8
8.5 15
-8.5 60
9.0 32
-9.0 42
-11.0 21
11.0 28
12.0 59
-13.0 52 71
14.0 79
15.5 65
-16.5 94
17.0 50
-20.5 56
25.5 27
-28.5 55 62
29.5 0
-30.5 26
31.0 10
31.5 68
32.0 76
-36.0 83
38.5 63
-40.5 9
43.0 86
48.0 74
51.5 7
67.0 95
0.5 1 6 38 57 64 73 90 97
-0.5 30 92
1.0 3 16 20 37 84
-1.0 61
1.5 13 45 70
-1.5 18 43 54 75
