2.0 13 45 72 98
-2.0 25 77 84
0.0 35 39 73 75 92
-2.5 12 20 40 81
2.5 96
-3.0 5
3.0 11 36 47 69
3.5 24 87
-4.0 80
-4.5 2 49 53
4.5 22 48 89 93
5.0 17 82
-5.0 67 85 91
-5.5 33 46 51
5.5 99
-6.0 19 66
6.5 8 14 34 88
-6.5 44
-7.0 23 78
-8.0 4
-8.5 29
9.0 32
-9.5 31 60
10.0 15 28
11.0 79
-12.0 42
12.0 59
-12.5 21 52
16.0 65
-16.5 94
18.0 50
-18.0 56
-18.5 71
-26.5 62
-27.5 55
29.5 27
-31.0 26
32.0 10 68
35.5 0
36.0 76
-37.0 83
40.5 63
-42.0 9
44.5 86
48.0 74
51.0 7
70.0 95
0.5 1 38 57 64 90
-0.5 30
1.0 3 16 37
-1.0 18 43 54 61
-1.5 6 58 97
1.5 41 70
