0.0 6 35 39 73 92
-2.0 12 20 40 81
2.0 70
2.5 96
3.0 11 17 36 69 98
-3.0 58
-3.5 5 33
3.5 24 47 93
-4.0 51 53 80
4.5 22 48 87
-4.5 49 85
-5.0 2 67 84 91
5.0 89
-5.5 46 66
5.5 82
6.0 99
-6.5 19
6.5 34 79 88
-7.0 25
7.5 28
8.0 14
-8.0 44 78
-8.5 4
9.0 15 32
-9.0 23 29
9.5 8
-10.0 60
-10.5 21
-11.0 31 52
11.5 59
-15.0 42
16.0 50
-16.0 56
-17.5 71
-18.0 94
19.5 65
-25.5 55
-26.5 62
-31.5 26
32.0 10
35.5 27
35.0 68
36.0 0
-36.5 83
38.5 76
42.5 74
-44.0 9
44.5 63
47.5 86
49.5 7
69.5 95
-0.5 30 41
0.5 37 38 57 64
1.0 1 3 16 45 72 75 90
-1.0 43 61 97
1.5 13
-1.5 18 54 77
