-2.0 12 81
2.0 13
0.0 17 30 35 39 72
2.5 11 36 70
-2.5 20 40 41 51
3.0 98
-3.5 5
3.5 24 47 69 96
-4.0 53 80
4.0 93
-4.5 2 49 85
4.5 6 15 22
-5.0 23 66 67 91
5.0 48
5.5 34 82 87
-6.0 46
6.5 8 79 99
-6.5 33
-7.0 19
7.0 89
-7.5 25
-8.0 44
-8.5 4
8.5 88
9.0 14 32
-9.0 29 78
9.5 28
-9.5 84
-10.0 52
11.0 59
-11.0 60
-12.5 21
-14.0 31 56
-14.5 42
14.5 50
-17.0 71
21.5 65
-22.0 94
-27.5 55
-27.0 62
33.5 0
34.0 10
35.0 68
-36.0 26
37.0 27
-36.5 83
40.0 74 76
-42.5 9
47.5 63
48.5 7
50.0 86
70.5 95
0.5 1 37 38 57 64 73 90 92
-0.5 43
1.0 3 16 58 97
-1.0 18 61
1.5 45 75
-1.5 54 77
