2.0 11 13 36 75
-2.0 12 20 40 81
0.0 35 39 72
2.5 15 70 96
3.0 47 98
-3.5 5
4.0 24 69
-4.0 41 80
4.5 22 34 88 93
-4.5 49 53 66 85 91
-5.0 2 67
5.0 48
-5.5 25
6.0 82 87
6.5 6 79
-6.5 46
-7.0 23
7.0 89 99
-7.5 19
8.0 8
-8.0 29 52
-9.0 4 33 44
9.0 32
9.5 14
-9.5 78
10.0 59
-10.5 84
-11.0 60
12.5 28 50
-13.5 56
-15.0 31
-16.5 42
-18.5 21
-21.5 71
-22.5 55
23.5 65
-25.5 94
31.5 0
-31.0 62
-33.0 26
32.5 68
35.0 10
38.5 27
-38.5 83
41.5 74
42.0 76
-44.0 9
47.5 7
49.5 63
52.5 86
72.0 95
0.5 17 38 57 64 73 92
-0.5 30 43 58
1.0 1 3 16 37 45 90 97
-1.0 51 61
-1.5 18 54 77
