-2.0 12 20 81 97
2.0 13
0.0 35 37 39 72
2.5 34 98
-2.5 40
-3.0 5
3.0 15 47 70 96
4.0 24 69
-4.0 53 66 80
-4.5 17 49 58 85 91
4.5 22 48
-5.0 2 67
-5.5 41
-6.0 23 33
6.0 82
-6.5 25 46 52
6.5 79
-7.0 29
7.0 87 99
7.5 89
-8.0 19 44
8.0 93
8.5 6
-9.0 4
9.0 32
9.5 8 59
-9.5 78
10.0 14
-11.0 60
-12.5 84
13.0 50
14.0 28
-15.0 56
-17.5 21
-18.0 31
-19.5 55
-20.5 42
23.0 65
-23.0 71
-28.5 94
32.0 0
-33.5 26
-33.0 62
33.5 68
35.0 10
39.0 27
-40.5 9
-41.0 83
43.5 74
45.5 76
49.5 7
50.0 63
55.5 86
76.5 95
-0.5 30 43
0.5 57 64 73
1.0 1 3 16 38 51 88 90 92
-1.0 61 77
1.5 11 36 45 75
-1.5 18 54
