-2.0 20
0.0 35 39 43 72 73
-2.5 12 40
3.0 10 47 51 96 98
-3.0 58
-3.5 5 66 97
3.5 70
4.0 22 24
-4.0 23 80 91
-4.5 49 52 53
4.5 69 79
-5.0 17 67 85
5.0 48
-5.5 2 29
5.5 82
6.0 15 89
-6.5 41
-7.0 46
7.0 99
7.5 87
8.0 59
8.5 6 32
-8.5 19 33
-9.0 4 44
9.5 8
-9.5 78
10.0 14 93
-10.5 25
-11.0 60
11.5 50
-15.0 21
15.0 28
-16.5 55
-16.0 84
-17.5 56
-20.5 42
-24.0 31
24.5 65
-24.5 71
-29.5 94
31.5 0
-31.0 62
32.0 68
-34.0 26
-38.5 9
40.5 27
42.0 74
-42.0 83
49.0 63
48.0 76
51.5 7
56.5 86
80.5 95
0.5 1 3 11 57 64 92
-0.5 88
1.0 16 34 37 38 75
-1.0 18 30 54 77
1.5 13 36 45 90
-1.5 61 81
