-2.0 12 40 54
2.0 13 98
0.0 35 37 39 43 72 73 75
2.5 10 96
-2.5 20 52
3.0 47
-3.0 58 66
-3.5 5 29
3.5 70 79
4.0 24 69
-4.0 53 80 91
-4.5 17 49 85
4.5 22
-5.0 2 23 67
5.0 48 51 89
5.5 82
6.0 6
-7.0 46
7.0 59 99
-7.5 41
8.0 32 87
8.5 15
-9.0 4 19
9.0 93
-9.5 78
10.0 14
-10.0 33
-10.5 60
-11.0 25
11.0 50
-12.0 44
12.5 28
14.0 8
-16.5 84
-17.5 21
-17.0 56
-19.5 55
-24.0 42
-24.5 71
-25.5 31
26.5 65
-27.0 62
-28.5 26
28.5 68
-29.5 94
30.0 0
-38.5 83
-40.5 9
43.0 27 74
49.5 63
48.5 76
54.5 7
62.0 86
77.5 95
0.5 3 36 57 64 92
-0.5 11 77 97
1.0 1 16 38 45 90
-1.0 34
-1.5 18 30 61 81 88
