0.0 6 16 33 40 52 82
2.0 11 13 98
-2.0 18 54
-2.5 1 8 12 19 37 41 48
2.5 14 15 81 90
-3.0 21
3.5 34 44 47
-3.5 61
-4.0 0
4.0 25 84
4.5 22 56 57
-4.5 23 53
-5.0 66 91
5.5 20 55 71
-5.5 77 97
-6.0 87
6.0 94
-7.0 2 86 93
7.0 88
7.5 5
-7.5 26 96
8.0 3
-8.5 36
-9.0 46 70
-9.5 42
10.0 69
-10.5 58 60
11.0 28
-12.0 95
13.0 64
-13.5 9
17.0 49
-17.0 78
18.0 99
-19.0 83
-20.0 59
-21.0 24
-22.5 89
-24.5 17
26.5 10
-28.0 76
31.5 32
-31.5 68
-34.0 73
-37.0 27
-39.5 67
44.5 51
48.5 4
49.5 7 85
48.0 75
60.5 50
-63.5 45
-66.5 63
-0.5 29 43 65
0.5 35 38 74
-1.0 31
1.0 39 62 79
1.5 30 72
-1.5 80 92
