-2.0 12 29
0.0 35 36 39 43 72
2.5 10 98
-2.5 20 40 66 97
-3.0 34
3.0 96
3.5 69
-3.5 91
-4.0 5 53 80
4.0 24 47 70
4.5 22 48
-4.5 49
-5.0 2 67 85
5.0 6 82 89
5.5 59
-6.0 58
6.5 51
7.0 93 99
-7.5 23 46
7.5 32
-8.0 41
8.0 79
8.5 50 87
-8.5 78
-9.0 4 17
9.0 14 15
-9.5 19 60
-10.0 25
12.0 28
-13.5 33
14.5 8
-15.0 44 84
-15.5 56
-18.5 21
-18.0 42
-23.5 26
-25.5 55
-26.0 31 62 71
27.0 68
28.0 65
-28.5 94
31.0 0
-39.0 9 83
39.5 27
45.0 74
47.5 76
48.0 63
56.0 7
64.5 86
75.0 95
0.5 1 3 37 64 73 90 92
-0.5 52 77
1.0 16 57
-1.0 18 75 88
-1.5 11 30 54 61 81
1.5 13 38 45
