0.0 3 30 35 37 39 43 72 73 77
-2.0 12 61 66
2.0 13
2.5 10 98
-2.5 20 40 75
-3.0 11 91
3.0 96
-3.5 5
3.5 24 69
4.0 47 59 70
-4.0 80
4.5 22 48 89
-4.5 49 53 67 85 88
-5.0 2 34 58 97
5.0 82
6.5 99
7.0 32
7.5 6
-7.5 46
8.0 14 51 93
-8.0 41 78
-8.5 4
8.5 50
-9.0 60
9.0 87
-9.5 19
9.5 79
-10.5 17 23
11.5 15
-11.5 25
12.0 28
-12.5 84
-13.0 56
14.0 8
-14.0 33
-17.5 42 44
-21.0 21 62
-23.5 55
-24.5 26
-24.0 31
-25.5 94
-26.5 71
29.0 65
30.0 0
32.5 68
-37.0 9
39.5 27
-38.0 83
41.0 63
43.5 74
45.0 76
57.0 7
66.5 86
74.0 95
-0.5 29 36
0.5 64 90 92
1.0 1 16 57
-1.0 54
-1.5 18 81
1.5 38 45 52
