0.0 3 30 35 39 72 77 92
-2.0 12 18 40 61
2.0 38
2.5 10 59 79 98
-2.5 20 54 91
3.0 52 96
-3.5 5
3.5 24 47
-4.0 11 75 80 97
4.0 69 82
4.5 22 48 50 70
-4.5 49 53
-5.0 2 58 67 85
5.5 89
6.0 93 99
6.5 32
-6.5 78
7.0 14
-7.0 34 88
-7.5 41 60
-8.0 46
-8.5 4
-9.0 25
9.0 51 87
-10.0 19
-10.5 33
11.0 6
-11.5 17
11.5 28
13.5 8
-14.0 23 56
-14.5 84
15.5 15
-15.5 42 62
-18.5 26
-18.0 44
-19.5 21
-20.0 55
-23.5 71
-25.5 94
-26.0 31
27.5 65
29.0 0
-35.0 9
35.0 63
34.0 68
-39.0 83
41.5 27
40.0 74
44.0 76
59.0 7
69.0 86
72.0 95
0.5 1 29 43 64 73 90
1.0 16 37 45 57
-1.0 36 81
1.5 13
-1.5 66
