2.0 13 38
-2.0 20 54 91
0.0 35 39 72 73 77
2.5 10 50 98
-2.5 12 40 61 97
3.0 47 96
3.5 24 82
-4.0 5 58 80
4.0 69
4.5 22 48 52 70 89
-4.5 49 53
-5.0 2 11 25 67 85
5.5 14 32 99
-5.5 75 78
6.0 93
6.5 28
-6.5 41 60
-8.0 4 46
-8.5 34
9.0 6
-9.0 88
9.5 8 87
-9.5 17
-10.0 19 33
10.0 51
-12.5 62
13.0 15
-13.0 42
-14.0 44
-15.0 56
-16.5 23
-17.5 21
-19.5 26
-20.0 55
-22.5 31
-22.0 84
-23.0 71
-24.5 94
27.0 65
30.0 0
31.5 63
33.0 68
-35.0 9
41.5 74
41.0 76
43.5 27
-46.0 83
61.0 7
67.0 86
69.5 95
-0.5 3 92
0.5 37 43 64
1.0 1 16 29 57 59 90
-1.0 30 66 81
-1.5 18 36 79
1.5 45
