0.0 1 35 39 72
-2.0 20 54
2.5 10 38 98
-2.5 12 36 40
-3.0 5 61
3.0 24 47 82 96
-3.5 97
4.0 14 69 89
-4.0 78 80
4.5 22 48 70 99
-4.5 49 53 85
-5.0 2 60 67
5.0 28 32
5.5 6 52
-5.5 41
-6.0 17
-6.5 11 75
-7.5 25
-8.0 4
8.0 15
-8.5 44 46 58
9.5 8 87
-9.5 34 42
-10.0 88
10.0 93
-10.5 19
11.0 51
-11.5 33
-12.0 62
-16.5 56
-17.5 26
-18.0 23
-18.5 55
-21.5 94
-22.0 31
-23.0 21
-24.5 71
26.0 65
-26.5 84
27.0 0
28.5 63
32.5 68
-40.0 9
42.5 27
42.0 76
45.0 74
-48.0 83
63.5 86
64.0 7
75.0 95
-0.5 30 50 59 66
0.5 37 43 64 73 77 90
-1.0 3 18 81 92
1.0 16 29 45 57
1.5 13
-1.5 79 91
