-2.0 12 20 40 59 61 78
2.0 13 82
0.0 28 29 35 39 66 72
2.5 10 14 38
3.0 24 96 98
-3.0 36
-3.5 5 60
3.5 47
-4.0 17 41 80
4.0 48 69 99
4.5 22 32
-4.5 25 43 49 53 67 85
-5.0 2
5.0 70
6.0 52
7.0 6
-7.0 97
-7.5 4 11 75
-8.0 58
-8.5 42 44 46
9.5 87
-10.5 19 34
11.0 8 51
-11.5 62 88
12.0 15
-13.0 33
13.0 93
-14.5 26
-16.0 55
-18.5 23
-18.0 56
-22.0 94
23.0 0
-24.5 31
-26.5 21
-26.0 71
27.5 65
-28.5 84
29.5 63
33.0 68
-40.5 9
43.5 74
42.5 76
44.0 27
-49.5 83
62.5 7
65.5 86
79.0 95
0.5 1 37 64 73 77 89 90
-0.5 81
-1.0 3 30 50 54 91
1.0 16 57
-1.5 18 79 92
1.5 45
