-2.0 12 60 92
2.0 13 61
0.0 25 35 39 72 73
2.5 10 24 50 98
-2.5 20 40 41
-3.0 28 59
3.0 38 96
-3.5 5 36
3.5 32 47 99
-4.0 17
4.0 22 48 69
-4.5 2 49 53 80 85
5.0 6 70
-5.0 67
6.5 52
-7.0 4
-7.5 43
-8.0 11 58 75
-9.0 46
9.0 93
-9.5 42
9.5 87
-10.0 62
-10.5 19 34 44
11.0 8 51
-11.5 88 97
12.5 15
-16.0 33
-18.5 55 56
-19.0 23
-19.5 26
22.5 0
-23.0 94
-24.5 31
-25.5 21
-28.5 71
29.0 65
-29.0 84
32.5 63
38.0 68
-42.0 9
42.5 27
43.0 74 76
-44.5 83
64.5 7 86
77.5 95
0.5 1 64 66
-0.5 30 78 81 91
1.0 14 16 37 57 77 90
-1.0 18 89
-1.5 3 29 54 79
1.5 45 82
