0.0 1 14 30 35 39 72 91
-2.0 3 12
2.0 24
2.5 10 98
-2.5 20 40 58 92
-3.0 29
3.0 32 38 96 99
-3.5 5 28
3.5 50
-4.0 36 59 80
4.0 47 48 69
4.5 22
-4.5 49 53 89
-5.0 2 67 85
5.0 70
-5.5 42
6.0 52
-6.5 4
6.5 8
-7.0 43 62
-7.5 17
8.0 6 93
-8.0 75
-9.0 11 46
9.5 87
-10.0 88
-10.5 19 34 44
10.5 51
11.5 15
-16.0 97
-17.5 26
-18.5 56
21.5 0
-21.0 33
-21.5 55
-22.5 94
-23.0 21
-24.0 23
-25.5 31
-27.5 84
-28.0 71
29.0 65
33.0 63
-39.5 9
38.0 27
38.5 68
41.0 76
42.0 74
-43.5 83
63.5 86
64.0 7
76.5 95
-0.5 25 41 60 81
0.5 37 64 66 73 82
1.0 16 57 61 77 78 90
-1.0 18 79
1.5 13 45
-1.5 54
