0.0 1 35 39 72 73 81 82
-2.0 12 20 40 54
2.0 13 24
-2.5 3
2.5 10 32 58 99
-3.0 43 92
3.0 47 96 98
-3.5 5
3.5 38 48 69
4.0 22
-4.0 28 80
-4.5 2 29 36 49 53 59 85
-5.0 67
5.0 70
5.5 8 52
-6.0 4
-6.5 42
6.5 50
-7.0 62
-7.5 44 75
-8.0 17 89
-9.0 46
-9.5 11
9.5 51 87
-10.0 34
10.0 93
-10.5 19
-11.0 88
12.5 6
-13.0 26
14.5 15
-16.0 97
-17.5 56
19.5 0
-22.5 31 55
-23.5 23 33
-24.5 84
-24.0 94
-28.0 21
-29.0 71
32.0 65
37.0 63
-38.0 9
38.5 27
41.5 74
40.5 76
42.5 68
-43.0 83
61.5 86
63.0 7
76.5 95
-0.5 30
0.5 37 64 90 91
1.0 16 25 41 45 60 61 66
-1.0 18
-1.5 14 79
1.5 57 77 78
