-2.0 12 14 44 54
0.0 35 39 72 73 81
2.0 99
-2.5 3 20 40
2.5 10 47 60 98
-3.0 28
3.0 41 43 61 96
3.5 38 48
-3.5 92
-4.0 5 80
4.0 25 69
4.5 22 52
-4.5 49 53 85
-5.0 36 67
5.0 70
-5.5 2 4 59 62
5.5 58
-6.5 29
-7.0 42 75
7.5 8
-8.5 17
8.5 51
-9.0 34 46
9.0 87
-9.5 11
10.0 50
-10.0 89
-10.5 19
10.5 93
-11.0 88
14.0 6
-15.0 26
15.5 15
-17.0 56 97
19.0 0
-20.5 55
-22.5 33
-24.0 31 84
-25.5 23
-27.0 94
-29.5 71
-31.0 21
35.0 65
-36.5 9
37.5 63
41.0 27 68
42.5 74
43.0 76
-44.5 83
54.0 7
63.5 86
74.5 95
0.5 1 64 90
1.0 16 37 91
-1.0 30 82
1.5 13 24 32 45 57 66 77 78
-1.5 18 79
