-2.0 12 21 41
0.0 16 31 35 40
2.0 30
-2.5 8
2.5 11 15 81 90
-3.0 1 19 37 61
3.0 14 47 56 72 79 94 98
-3.5 0 48
3.5 34 44
4.0 22 25
-4.0 23 42 65 97
-4.5 53 77
4.5 57 84
5.0 55
-5.0 91
5.5 20
-5.5 66
-6.0 87
6.5 88
-7.0 2 93 96
7.5 3 5 28
-8.0 26 36
-8.5 46
-9.0 70
-9.5 60
-10.0 58 86
10.5 71
-14.0 9
14.0 64
14.5 69
-15.0 83
-16.0 95
-17.0 78
-18.5 17
-19.5 59
20.5 49
20.0 99
-24.0 24
-26.5 89
-27.0 68
28.5 10
-29.0 76
33.0 32
-32.0 73
-39.0 27
-40.0 67
45.0 51
46.0 4
49.5 75
48.5 85
53.5 7
-60.0 45
62.5 50
-63.5 63
0.5 38 39 52 62 74
-0.5 92
1.0 6 82
-1.0 18 29 33 43
1.5 13
-1.5 54 80
