-2.0 12 44 54 79 82
2.0 13 99
0.0 35 39 72 73 81
-2.5 7 14 40
2.5 10
-3.0 3
3.0 48 52 96 98
-3.5 5 20
3.5 47 60 61 69
4.0 38
-4.0 80 92
-4.5 4 49 53
4.5 22
-5.0 2 28 36 67 85
5.0 41 70
-5.5 59 62
-6.0 75
6.5 25 58
-7.0 42
7.0 51
-7.5 29
7.5 43
8.0 15
-8.0 34
8.5 50 87
-9.5 11 17 46 89
10.5 8
-10.5 19
-11.0 88
11.5 6 93
-13.0 26
-17.5 33
-17.0 56
19.0 0
-19.0 55
-20.5 97
-23.0 23
-23.5 84
-26.5 31 71
-27.5 94
-31.0 21
34.5 63
-37.5 9
37.0 65
41.0 74
-41.5 83
42.0 27
42.5 68
47.0 76
66.0 86
74.0 95
-0.5 30
0.5 37 64 90
1.0 1 16 24 32 78
-1.0 18
1.5 45 57 66 77 91
