0.0 1 35 39
-2.0 20 79
2.0 66 77 91 99
2.5 10
-2.5 12 40 82
-3.0 5 7 14
3.0 48 96 98
-3.5 3 44
3.5 47
-4.0 4 80
4.0 15 38
-4.5 2 49 53 67 75 92
4.5 22 69
-5.0 42 85
5.0 51 60 70
-5.5 36 59
-6.0 34
6.5 41 50 58
-7.0 17 28
7.5 61
8.0 87
8.5 25
-8.5 29 88 89
-9.5 11 46 62
9.5 43
-10.0 19
10.5 93
13.5 6
-14.0 26
14.5 8
15.5 0
-15.5 55 56
-16.0 33
-20.5 97
-21.0 23
-22.0 71
-26.5 84
-29.5 31
-30.5 94
-34.5 9 21
36.5 63
-39.5 83
40.5 65
42.0 27
42.5 74
45.0 76
47.0 68
64.0 86
74.0 95
0.5 24 32 64 73 81
-0.5 30 72
1.0 16 37 90
1.5 13 45 52 57 78
-1.5 18 54
