-2.0 12 18 40
0.0 24 32 35 37 39 72
2.0 57 77 99
-2.5 7 14 20
2.5 10 47 48 66 91
-3.0 75
3.0 96 98
-3.5 3 4 5 82
3.5 51
4.0 69
-4.0 80
4.5 15 22 38
-4.5 34 44 49 53 85
-5.0 42 67 92
5.0 70
-5.5 2 17 59
5.5 61
6.0 25 60
-6.0 36
-6.5 28
7.5 43 50 87
8.0 41
-8.0 88
-8.5 62 89
-9.0 11 29
-9.5 46
9.5 58 93
-10.0 19 71
13.5 0 8
15.5 6
-15.5 55
-16.0 26 56
-17.0 33
-21.5 23 97
-28.0 84
-29.0 31
-31.0 94
-32.0 21
-36.0 9
38.0 63
41.0 65
41.5 74
-40.5 83
43.0 27
47.0 76
48.5 68
64.5 86
73.0 95
-0.5 52
0.5 64 73 81 90
1.0 1 16
-1.0 30
1.5 13 45 78
-1.5 54 79
