-2.0 7 12 14 20
2.0 13 57 77 78
0.0 24 35 37 39 72
2.5 10 43 48 66 91 98 99
-2.5 28 34 40 52
-3.0 4
3.0 15 47 96
-3.5 5
3.5 69
-4.0 3 80 82
4.0 22
4.5 38
-4.5 49 53
-5.0 2 59 67 85
5.0 70
-5.5 92
-6.0 17 36
6.0 25 61
6.5 60
7.0 87
-7.5 44
7.5 93
-8.0 62
8.5 0 58
-8.5 11 29 89
9.0 41
-9.0 88
-9.5 19 46
9.5 50
-10.5 71
-12.0 42
14.5 6
-14.5 55
-16.0 33
17.5 8
-18.5 56
-19.0 26
-20.5 97
-22.5 23
-27.5 31
-31.0 84
-33.5 21 94
-39.0 9
39.5 63
40.5 65
43.0 27
42.0 74
-42.0 83
46.5 68
49.0 76
66.0 86
75.0 95
0.5 1 64 73 81 90
-0.5 30 32
1.0 16
-1.5 18 54 75 79
1.5 45 51
