-2.0 4 12 20 54
2.0 13 48 57 61
0.0 35 39 72
-2.5 40
2.5 66 77
3.0 10 15 91 96 99
-3.0 43
-3.5 5
3.5 47 98
-4.0 53 80
4.0 69
4.5 0 22 38
-4.5 3 49 52 59 85
-5.0 2 67 82
5.0 70
-5.5 62
-6.0 36 92
6.5 87
7.0 60
-7.5 29 44 89
7.5 93
-8.0 11 17
8.0 25
-9.0 19
9.5 6
-9.5 46
10.0 41
-10.5 55
10.5 58
-11.0 71
11.5 50
-11.5 88
-15.5 42
16.0 8
-16.0 33
-18.0 56
-19.0 26
-20.5 97
-24.0 23
-25.5 31
-31.5 84
-31.0 94
-34.0 21
-39.5 9
39.5 65
41.5 74
42.5 27 63
-43.5 83
45.5 68
51.5 76
66.5 86
77.0 95
-0.5 24 32 34 37 51 75
0.5 64 73 90
1.0 1 16 81
-1.0 28 30
-1.5 7 14 18 79
1.5 45 78
