-2.0 7 18 20 51
2.0 13 45 57
0.0 15 39
2.5 10 77 98
-2.5 12 40
3.0 0 66 91 96
-3.5 5
3.5 47 69 99
-4.0 59 80 85
-4.5 3 44 49 53
4.5 22 38
-5.0 2 28 67
5.0 70
-5.5 62 82
5.5 87 93
-6.0 36
-6.5 29 52 92
-7.0 11 43 89
7.5 60
-9.0 17 19
-9.5 46
-10.0 55
10.5 41
-10.5 71 88
11.0 50
12.5 6
13.5 25
-14.0 33
15.5 8 58
-19.5 56
-20.0 42
-21.0 26
-24.0 23 97
-25.0 31
-30.0 84
-31.5 94
-34.5 21
-37.5 83
-38.5 9
39.0 63
40.5 74
43.0 27
44.0 65
47.5 68
54.5 76
69.5 86
79.5 95
-0.5 14 30 32 72
0.5 35 37 54 64 73 75
1.0 1 16 81 90
-1.0 24 61
-1.5 4 79
1.5 34 48 78
