-2.0 12 20 40 79
2.0 13 57
0.0 15 35 37 39 61 72 73
-2.5 7 59
2.5 10 77
-3.0 5
3.0 66 96 98
3.5 34 47 91
-4.0 51 62 80
4.0 69 99
4.5 22 87
-4.5 49 53 85
-5.0 3 29 67
5.0 38 70
-5.5 2 11
-6.0 36 82 89
-7.0 92
-7.5 17 43
7.5 60
-8.0 44
-8.5 19 28 52
-9.5 46 71
9.5 93
10.5 25 41
-10.5 55
13.0 6 50
-13.5 88
-14.5 33
15.0 58
16.5 8
-20.5 56
-22.5 42
-23.0 23
-24.0 26
-24.5 97
-26.0 31
-30.0 84 94
-34.5 83
-37.5 9
-37.0 21
38.5 63
38.0 74
41.0 27
47.5 65
50.5 68
55.5 76
71.0 86
78.0 95
-0.5 0 4 30
0.5 54 64
1.0 1 14 16 78 81 90
-1.0 32
-1.5 18 24
1.5 45 48 75
