-2.0 0 20 24 40
0.0 4 15 35 39 72
2.0 13 75
-2.5 7 12
2.5 10 14 57 77 96
-3.0 29
3.0 66 98
-3.5 5
3.5 47 91
4.0 61 87
-4.5 11 43 49 53 80
4.5 22 34 69 99
-5.0 2 3 51 62 67 85
5.0 38 70
-6.0 36 89
-6.5 82
7.0 60
-7.0 92
-8.0 19 55 71
-8.5 17 28
8.5 93
-9.5 44 46
10.0 25 41
-10.0 52
13.0 50
-13.5 88
14.0 6
14.5 8 58
-15.0 33
-19.0 42 56
-24.5 26
-25.0 31 97
-26.0 23
-30.5 84
-31.0 94
-33.5 83
35.5 74
-37.0 9
-36.5 21
37.5 63
40.0 27
49.5 65
51.5 68
53.5 76
70.0 86
74.5 95
-0.5 30
0.5 37 64 73 90
1.0 16 48 54
-1.0 32
1.5 1 45 78 81
-1.5 18 59 79
