-2.0 7 12
0.0 15 17 35 37 39 59 72 73
2.0 45
2.5 10 57 96
-2.5 20 24 40
-3.0 5 62
3.0 66 77 87 98
-3.5 11
3.5 47 69 91
4.0 14
-4.0 80
4.5 22 70
-4.5 49 53 55
-5.0 2 67 85
5.0 38
-5.5 3 36
5.5 99
-6.0 0
6.0 34
6.5 25
-6.5 51 71
7.0 60
-7.0 82
-7.5 19 44 92
7.5 61
-8.0 28
9.0 93
9.5 41
-9.5 46 89
-10.0 88
-11.5 52
15.0 58
15.5 8
16.5 6
16.0 50
-17.5 42
-18.5 33
-19.5 56
-23.0 31
-24.0 26
-27.5 23
-28.0 97
-29.5 94
-30.5 83
-31.5 84
-37.0 9
37.5 27
-38.5 21
38.0 74
41.5 63
50.5 65
50.0 68
51.5 76
68.0 86
75.5 95
-0.5 32
0.5 43 48 64 90
1.0 1 4 16 54
-1.0 30
1.5 13 75 78 81
-1.5 18 29 79
