-2.0 11 12 20 40 62
2.0 13 87
0.0 15 29 35 39 72 73
-2.5 7
2.5 10 57 98
-3.0 24
3.0 47 77 91 96
-3.5 5
3.5 66
4.0 69
-4.0 80
4.5 22 70
-4.5 49 53 71
-5.0 0 67 85
5.0 38
-5.5 2 3 36
5.5 14
6.0 43 99
-6.0 55
6.5 34 60
-7.0 19 51 82
7.5 25 61
-7.5 92
8.0 93
8.5 41
-9.0 28 46
-9.5 88
-10.5 44 89
-12.5 52
14.0 8
15.5 6
-15.5 42
17.0 50
17.5 58
-19.0 31 33
-21.5 56
-23.5 26
-25.0 97
-27.0 83
-29.5 23
-30.0 94
-32.5 84
-35.0 9
34.5 27
37.0 74
-38.0 21
45.5 63
46.5 65
48.5 68
50.0 76
69.0 86
77.0 95
-0.5 17 30 32
0.5 48 64 90
1.0 16 37 45
1.5 1 4 54 59 75 78 81
-1.5 18 79
