-2.0 8 12 33 41 54 97
0.0 16 35 39 40 79
2.0 28 30 82 90
-2.5 1 21
2.5 81 98
3.0 11 14 15 44
-3.0 48 61
-3.5 0 19 37 87
3.5 34 47
-4.0 23 42
4.0 25 72
4.5 22 55 57
-4.5 53
5.0 84
-5.0 91
5.5 20 88
-5.5 77
-6.0 66
-6.5 65 93 96
-7.0 2
7.5 3 5
-7.5 36
-8.0 26
-8.5 46 58 60
-9.0 70
-10.0 86
11.0 71
-11.0 95
12.0 69
-12.5 9
-13.5 17
13.5 64
-14.5 83
-20.5 59
-20.0 78
22.0 99
-23.0 68
-25.5 24
25.0 49
-28.5 73 89
-31.0 76
32.0 10
33.0 32
-37.5 67
-41.0 27
45.5 4
45.0 85
47.0 51
49.5 75
-57.0 45
58.0 7
-61.5 63
65.5 50
0.5 6 38 56 74
-0.5 29 31
-1.0 43 92
1.0 52 62
1.5 13 94
-1.5 18 80
