-2.0 12 20 62
2.0 13
0.0 15 32 35 39 48 72
2.5 4 10 45 59 98
-2.5 7 17 40 71
-3.0 24
3.0 47 57 77 91 96
-3.5 5
3.5 66 69
-4.0 80
4.5 22 38 70
-4.5 49 53 85
-5.0 0 36 67
-5.5 2 3
5.5 60
-6.5 19
6.5 34 99
7.0 14 41
-7.0 82
-7.5 51 55 92
7.5 93
-8.0 28
9.0 43 61
-9.0 46
9.5 25
-9.5 89
-10.0 44
-12.5 88
13.0 6
-13.0 52
-15.5 42
16.0 8 50
-16.0 31
19.0 58
-20.0 33
-22.0 26
-24.0 56
-26.5 23
-26.0 97
-31.5 9
-31.0 83
-33.0 84
-33.5 94
35.5 27
-36.0 21
36.0 74
42.5 65
45.5 63
48.0 76
51.0 68
70.0 86
74.0 95
0.5 1 37 64 73 75
-0.5 30
-1.0 11 79
1.0 16 29 90
-1.5 18
1.5 54 78 81 87
