-2.0 7 12 20 40
0.0 11 15 32 35 39 72 73
2.0 45 54 81
2.5 10 98
-3.0 0
3.0 4 47 57 77 91 96
-3.5 5 24
3.5 66 69
4.0 22 59 60 70
-4.0 62 80
-4.5 36 49 53
4.5 38
-5.0 67 85
-5.5 2 3
5.5 41
-6.0 19
6.5 34
7.0 99
-7.5 51 82 89 92
8.0 14 25 93
8.5 43
-9.0 28 44 46
9.0 61
11.5 6
-11.5 55
-12.5 42
-13.0 52
16.5 8
-17.0 88
-18.5 26
-18.0 31
18.5 50
19.0 58
-22.0 33
-24.0 56
-24.5 97
-27.5 23
-31.0 94
-33.5 84
-35.0 9
-34.5 21
34.5 27
-36.0 83
38.0 74
41.0 65
45.5 76
46.5 63
55.0 68
71.5 86
72.0 95
-0.5 30 48 71
0.5 37 64 87
-1.0 1 17 18 75
1.0 16 29 90
1.5 13 78
-1.5 79
