-2.0 12 20 75
0.0 15 30 35 37 39 72
2.0 81
-2.5 7 17 40
2.5 10 54 91
3.0 47 57 60 66 77 96
3.5 4 69 98
-3.5 5
-4.0 24 36 62
4.0 41 70
4.5 22 38
-4.5 49 53 80
-5.0 2 19 67 85 89
5.0 43
-5.5 0 3
5.5 59
6.0 34
6.5 25
-6.5 28
-7.0 92
7.0 99
-7.5 51 82
-8.5 46
9.0 6 14
10.0 93
-10.5 44
12.0 61
-13.0 52
13.5 8
-13.5 42
-15.0 55
-16.5 26
-20.0 31
20.0 58
21.0 50
-23.5 88
-23.0 97
-24.5 33
-26.0 23 56
-28.0 94
-31.0 21
-33.0 84
-35.5 9 83
37.5 27
37.0 74
38.5 65
40.5 76
47.5 63
57.0 68
71.0 95
76.5 86
-0.5 1 87
0.5 29 32 64 73
1.0 11 16 71 90
-1.0 18 48
1.5 13 45 78
-1.5 79
