2.0 1 11 13 41 81 91
0.0 15 35 39 72 73
-2.5 7 12 20 40
2.5 10 71 96 98
3.0 47 57 66 77
-3.0 89
-3.5 5 36 75
3.5 54 70
4.0 4 38 62 69
-4.0 24 80
-4.5 19 49 53 85
4.5 22
5.0 34
-5.0 67
-5.5 2 3
-6.0 28
-6.5 51
-7.0 0 82 92
7.0 59 93 99
7.5 25
-8.5 46
10.0 14
11.5 6 8
-12.5 52
-13.5 44
-14.5 42
14.5 61
-16.5 26
-18.5 55
-20.0 31
-21.0 9
21.0 58
22.0 50
-24.0 23
-24.5 33
-25.5 88
-25.0 97
-28.5 56 94
-29.5 21 83
-33.0 84
36.5 27 74
36.0 65
39.5 76
50.0 63
55.0 68
67.5 95
78.5 86
0.5 17 37 64 90
-0.5 29 30 43
1.0 16 32
-1.0 48
-1.5 18 79 87
1.5 45 60 78
