-2.0 12 18 28 29 79 87
0.0 15 35 37 39 41 60 72
2.0 81 91
-2.5 7 20 40
2.5 11 96 98
3.0 9 10 47 57 66 69 71 77
-3.0 36
-3.5 5
3.5 34 70
-4.0 19 80 85
4.0 38 54
4.5 1 4 22
-4.5 2 24 49 53
5.0 25
-5.0 67 75
-5.5 3 43 51
6.0 93
-6.5 92
-7.0 82
7.0 99
7.5 62
-8.0 46
8.5 59
9.5 8
-10.0 0
10.0 14
-11.5 42 52
12.0 61
-12.5 44
14.0 6
-15.0 26
-18.0 31 55
20.0 58
21.5 50
-22.0 88
-24.5 23
-26.5 21
-26.0 33
-27.0 97
-28.0 94
-30.0 56
32.5 27
35.0 65 74
-34.0 83
-34.5 84
40.5 76
52.0 63
58.5 68
69.0 95
80.0 86
0.5 17 64 73
-0.5 30 89
1.0 16 90
1.5 13 32 45 78
-1.5 48
