-2.0 7 12 18 20 41 48 79
2.0 13 81
0.0 15 35 39 73
2.5 10 32 98
-2.5 36 40
3.0 11 47 66 69 70 77 96
-3.0 28 87
-3.5 5 19 29
3.5 57 71
4.0 38
-4.0 53 80 85
4.5 9 22 54
-4.5 24 49 51
-5.0 2 67
-5.5 3
5.5 4
6.0 25
-6.0 75
-6.5 82 92
7.0 1 99
-7.5 43
-8.0 46
8.0 93
9.0 61
9.5 59 62
10.0 8 14
-10.0 52
-11.0 42
13.5 6
-13.5 31
-14.5 26
-15.0 0
-15.5 44
-16.5 55
18.0 58
22.0 50
-23.5 21
-24.5 88
-25.0 23
-28.0 33 56
-29.0 94
-29.5 97
31.5 27
31.0 65
-31.0 84
34.5 74
39.5 76
-40.0 83
52.0 63
59.5 68
72.0 95
84.0 86
-0.5 30
0.5 37 64 72
1.0 16 89 90
-1.5 17 60
1.5 34 45 78 91
