-2.0 7 12 40
0.0 15 34 35 37 39 72
2.0 81
-2.5 20 48
2.5 47 66 98
3.0 10 11 32 70 77 89 96
-3.0 19 51 60
3.5 38 57 71
-3.5 41 87
-4.0 5 53 80
4.0 69
4.5 22
-4.5 24 49
-5.0 2 29 67 85
5.0 54
-5.5 3
5.5 4 9
-6.0 17 82 92
6.5 25 99
-6.5 43
-7.0 75
-8.0 46
-8.5 52
9.0 1
9.5 14
10.5 59
11.0 61 93
11.5 8 62
-12.0 42
14.5 6
-15.5 31 55
15.5 58
-18.5 44
-20.0 26
-21.0 0
-24.0 23
-25.5 21
-26.5 33
26.0 50
-28.0 88
29.0 65
30.5 27
-30.5 97
-31.5 94
-32.0 84
-34.0 56
34.0 74
41.0 76
-40.5 83
52.5 63
62.5 68
73.0 95
84.0 86
-0.5 30
0.5 64 73 90
1.0 16 91
-1.0 18
1.5 13 45 78
-1.5 28 36 79
