-2.0 12 19 20 34
2.0 13 45
0.0 15 35 39 72
-2.5 7 40 48
2.5 10 66 70 81 98
3.0 11 69 71 89 96
-3.5 5
3.5 32 38 47 57 77
-4.0 17 80 87
4.5 22
-4.5 49 53 60
-5.0 2 24 41 67 85
-5.5 3 28 82 92
5.5 54
6.0 4 99
-6.5 52
-7.0 29
-7.5 46
-8.0 75
8.5 9
9.0 14
10.5 1 61
11.0 8 59
12.0 62
-12.5 42
12.5 93
13.0 6 25
-13.0 55
-14.5 31
-18.5 0
-19.5 26
20.0 58
-21.0 33
-22.0 44
-25.0 23
26.0 27
27.5 65
28.0 50
-28.5 94
-29.0 88
-30.5 21 84 97
35.0 74
-37.0 56
41.0 76
-40.5 83
48.5 63
62.0 68
76.5 95
85.5 86
0.5 37 64 73 90 91
1.0 16 78
-1.0 30 36 51 79
-1.5 18 43
