-2.0 7 12 20
0.0 15 35 37 39 72 91
2.0 45 70
2.5 10 11 66 81 89 98
-2.5 40
3.0 38 47 77 96
-3.0 48
3.5 57
-4.0 5 34 53 80
4.0 43 69
4.5 22 32
-4.5 49 52 85 87
-5.0 2 3 24 67 82 92
-5.5 17 60
5.5 99
6.0 54
6.5 4 9
-6.5 41
-7.5 46
8.0 14 61
-8.0 29 75
-8.5 28
9.5 6
-10.0 31
-10.5 55
11.0 1 8
12.0 59
12.5 62 93
17.5 25
-18.0 0
-18.5 42
-19.0 44
20.5 58
-21.0 26
-21.5 33
-24.5 23
-25.5 88
26.0 65
27.0 27
-28.5 84
30.0 50
-30.5 94
-31.5 21 97
-32.5 56
38.5 74
-41.5 83
44.0 76
50.5 63
58.5 68
78.0 95
86.5 86
-0.5 36
0.5 51 64 73 90
1.0 16
-1.0 30
1.5 13 71 78
-1.5 18 19 79
