2.0 11 13 66 70
-2.0 12 40
0.0 15 35 36 39 71 72
-2.5 7 20 52
2.5 51 81
-3.0 5
3.0 10 38 47 77 89 96 98
-3.5 48
3.5 69
4.0 22 57
-4.0 80 82
-4.5 2 49 53 85 92
-5.0 3 24 67
5.0 32 99
-5.5 17 87
-6.0 34
6.5 14 54
7.0 4 6 9
-7.0 41 46 60
-8.0 28 31 75
8.0 43
-8.5 29
9.5 61
10.0 62
11.0 1
-12.0 55
12.0 59 93
12.5 8
17.5 25
-18.5 44
-19.5 0
-19.0 26
-20.5 42
21.5 58
-23.0 33
-24.5 88
26.0 27
-26.5 84
27.0 65
-28.0 94
-29.5 56
-30.0 23
-31.0 21
32.0 50
-36.0 97
38.0 74
-41.5 83
45.5 76
52.0 63
57.0 68
79.0 95
80.5 86
-0.5 18 30 91
0.5 37 64 73 90
1.0 16 45
-1.0 19
1.5 78
-1.5 79
