-2.0 12 21
0.0 16 29 35 40 74
-2.5 1 8 33 41 61 62
2.5 30 81 90
3.0 14 28 82 98
-3.0 48
3.5 11 15 34 44 47 55
-4.0 0 37
4.0 25
-4.5 19 23 53 91
4.5 22 57 72
-5.0 77
5.0 84 88
5.5 20
-5.5 42
-6.0 93 96
-6.5 2 36 65 66
7.0 3 5
-7.0 26 58
-7.5 60 87
-8.0 46 95
-9.0 70
9.5 71
-10.5 9
11.0 69
-12.0 17
-13.5 86
-15.5 83
16.5 64
-16.5 68
-19.0 78
19.0 99
-21.0 59
24.0 49
-25.0 24
-30.0 89
31.0 32
-31.0 73 76
35.0 10
-38.5 27
-40.5 67
43.0 85
45.5 4 51
49.5 75
58.0 7
-58.0 45
61.5 50
-64.0 63
0.5 6 38 94
-0.5 31 39 92
1.0 52 97
1.5 13 56
-1.5 18 43 54 79 80
