-2.0 12 20
0.0 15 35 37 39 72 73
2.0 66
-2.5 7 40
2.5 38 81
-3.0 5
3.0 10 77 96 98
3.5 47
-3.5 82
-4.0 48 80 92
4.0 57 69
-4.5 3 49 53 86
4.5 22 51 62 99
-5.0 2 24 67 85
5.5 14 32 89
-5.5 87
-6.5 46
7.0 4 54
-7.0 17 75
-7.5 34 41
-8.0 28
8.5 6 9 61
-8.5 31 60
-9.0 29
9.5 43
10.0 1
12.0 59 93
-12.5 55
15.0 8
-15.5 26
-16.5 0
17.0 25
-17.5 44
-19.5 33
-20.0 42
23.5 27
-23.0 84
-26.5 56 88
26.0 58 65
-27.5 23
-29.0 21
33.5 50
-32.0 94
38.5 74
-39.0 97
-43.0 83
47.0 76
51.5 63
56.0 68
78.0 95
-0.5 19 52
0.5 36 64 90
1.0 16
-1.0 30 91
1.5 11 13 45 70 78
-1.5 18 71 79
