0.0 6 15 19 35 37 39 72
-2.0 7 12 18 20 40
2.0 13 38 61
2.5 81 98
-2.5 82
3.0 10 77 96
-3.5 5 71 92
3.5 47 62
4.0 14 57 69 99
-4.0 80
-4.5 3 48 49 53 86
4.5 22 89
-5.0 24 67 85
-5.5 2
-6.0 31 75 87
6.0 51
6.5 32 43
-6.5 46
7.0 4
-7.0 28
-7.5 41
7.5 54
8.0 1
-8.5 29
-9.0 17 34 60
11.0 93
11.5 9
-12.0 55
12.0 59
14.5 8
-15.0 0
-15.5 44
16.5 25
-16.0 26
-18.0 84
-21.5 42
-23.0 33 56
23.0 65
25.0 58
26.5 27
-27.0 23
-28.0 88
-29.5 21 94
29.5 50
39.0 74
-43.0 83
-44.0 97
49.0 76
54.0 63
58.0 68
79.0 95
0.5 11 64 73 90
-0.5 30
1.0 16 36 52 70
1.5 45 66 78
-1.5 79 91
