-2.0 12 20 91
2.0 13 14 38 45
0.0 35 39 72 73
2.5 10 62 81 96
-2.5 40
3.0 6 52 77 89 98 99
-3.0 92
-3.5 5
3.5 47
-4.0 3 80
4.0 57 69
-4.5 2 49 53 85 86
4.5 22
-5.0 24 48 67 75
-5.5 71
6.0 1
-6.0 46
-6.5 31 87
7.0 32
7.5 4 54
-7.5 28 29 41
8.0 51
-9.5 17
-10.0 34 60
-11.5 55
11.5 59 93
12.0 9
-13.0 26 84
-14.0 44
14.5 8
-16.5 0
17.0 25
-18.5 56
19.0 65
-20.0 33
-23.0 42
-24.5 23
24.0 58
26.0 27
-27.5 94
-28.5 88
-29.5 21
29.0 50
35.5 74
-41.5 97
-42.0 83
49.0 76
55.5 63
59.0 68
79.5 95
-0.5 11 61
0.5 15 19 37 64 70 90
1.0 16 66
-1.0 30 79
-1.5 7 18 82
1.5 36 43 78
