-2.0 8 18 80 86
2.0 13 90
0.0 16 29 40 91 95
-2.5 12 21 41 48 84
2.5 20 60 96 98
-3.0 1 93
3.0 19 44 47 72
-3.5 0 82
3.5 34 37 38 71
-4.0 23 26 53
4.0 55 76
-4.5 2
4.5 22 57 65 79
5.0 69
-5.0 70
5.5 11
-5.5 77
-7.0 99
7.5 33 88
-8.5 61
8.5 97
-9.0 17 46 52 59
-9.5 24
-12.5 14
14.0 87
15.0 10
-15.5 89
-16.0 28
16.0 94
-24.5 9
-24.0 68
-26.0 78 83
-28.0 27
31.0 32
-34.0 42
34.0 51
-34.5 67
-43.5 73
-45.5 63
47.5 85
49.5 4
52.0 7
-53.0 45
56.0 75
72.0 50
0.5 6 30 35 43 62 66 74 81
-0.5 25 49 92
-1.0 31 39 64
1.5 3 5 56 58
-1.5 15 36 54
