2.0 6 13 36 98
-2.0 7 20 92
0.0 15 35 39 70 72
-2.5 12 40 91
2.5 81 99
3.0 10 77 89 96
-3.0 61
3.5 1 47 69
-3.5 3 5 75
-4.0 43 80
4.0 57
4.5 22 52
-4.5 24 49 53 67
-5.0 85 86
-5.5 2 48
-6.0 29 46
6.0 62
-6.5 87
-7.0 28 41
7.5 4 32 54
-7.5 71
-9.0 17
9.0 51
-9.5 31
10.0 9
-10.5 34 60
11.0 59
11.5 8
-13.0 84
-13.5 26
14.0 93
-14.5 56
-15.0 44
-15.5 0
-16.0 55
16.5 65
19.0 25
-19.0 42
-21.5 33
-23.0 23
26.0 58
27.0 27
-28.0 21 94
-29.0 88
31.0 50
33.0 74
-39.0 97
-43.0 83
54.0 76
58.5 63
59.0 68
80.5 95
-0.5 30
0.5 64 66 73
1.0 14 16 19 37 45 90
-1.0 82
-1.5 11 18 79
1.5 38 78
