2.0 6 81
-2.0 7 12 75
0.0 15 35 37 39 61 70 72 73 82
2.5 10 36 99
-2.5 11 20 40
3.0 77 96 98
-3.0 91
-3.5 3 5
3.5 47 69
-4.0 29 80
4.5 22 57
-4.5 24 49 53
-5.0 2 67
-5.5 46 48 85
5.5 52 89
-6.0 41 86
6.0 62
-6.5 17 87
7.5 4 54
-7.5 43
8.0 9 32
-9.0 28 71
10.0 51 59
-11.0 34 60
13.0 8
-13.5 31
-14.0 44
-14.5 26 56
-15.5 0
15.5 65
-17.5 84
17.0 93
-18.5 42
-20.5 55
-23.5 23
23.0 25
-24.5 33
26.5 27 58
-26.5 94
-27.0 88
-30.0 21
31.5 74
35.0 50
-41.0 97
-44.5 83
56.5 76
61.5 63
62.0 68
79.5 95
-0.5 14 30
0.5 64 66
1.0 1 16 90
1.5 13 19 38 45 78
-1.5 18 79 92
