-2.0 6 7 12 20 40
0.0 15 37 39 66 72
2.0 19 81 99
2.5 9 10 61 77 98
-2.5 29
-3.0 3
3.0 36 96
-3.5 5 91
3.5 47 62
-4.0 11 24 35
4.0 69
4.5 22 57 89
-4.5 41 49 53 80 85
-5.0 2 46 67
-6.0 48 86
6.0 52
-6.5 87
-7.0 43
7.5 4 54
-7.5 28
8.5 32
9.0 59
-10.0 34 71
10.5 51
11.0 8
-11.0 60
-11.5 56
-12.0 31
-13.5 44
13.5 65
-14.0 0
-14.5 26
-18.0 42
-19.5 84
-20.0 23
-22.0 55 88
23.0 93
24.0 25
-27.0 33
27.5 58
-27.5 94
28.5 27
-30.5 21
33.0 74
39.5 50
-39.0 97
-43.5 83
54.5 76
58.0 68
61.0 63
77.0 95
0.5 64 73
-0.5 70
1.0 16 45 82 90
-1.0 30 75 79 92
-1.5 1 14 17 18
1.5 13 38 78
