2.0 13 19 61 81 99
0.0 15 37 39 72
-2.0 20 40
-2.5 3 7 12 14
2.5 10 77
3.0 36 51 96 98
-3.0 41
-3.5 5
3.5 47 69
-4.0 1 6 24 43 53 85 91
4.0 22 89
-4.5 49 80
4.5 57
-5.0 2 11 46 67
5.0 62
-5.5 28
-6.0 35 86
6.0 52
-6.5 48 87
7.0 4 54
7.5 59
9.0 32
-9.5 31 34
10.5 8
-10.5 71
-11.0 60
-12.5 44
-13.0 56
-14.5 0
-16.5 26
-17.0 42
17.5 65
-19.0 84
-21.0 88
21.0 93
-22.5 55
-23.0 23
24.5 25
-25.0 94
29.5 27
-29.5 33
-30.5 21
31.0 58
37.0 74
-36.0 97
-42.0 83
44.5 50
54.5 76
57.5 68
59.5 63
77.5 95
0.5 64 73 75 90
-0.5 66 92
1.0 16 38 78
-1.0 18 29 70
1.5 9 17 45 82
-1.5 30 79
