-2.0 7 12 20 28 40
2.0 13 81 99
0.0 15 37 39 72 73
-2.5 3
2.5 10 19 62 77 82 96 98
-3.0 6 14 86
3.0 9
-3.5 24
3.5 36 47 61 69 89
-4.0 5 53 80 91
4.0 17
4.5 22 57
-4.5 46 49
-5.0 67 85
-5.5 1 2
-6.0 11
6.0 52
-6.5 35 87
6.5 54 59
7.0 4
-7.0 48
-8.5 34
-9.0 31
9.0 32
-10.5 60
11.0 8
-11.0 71
-12.0 44
-12.5 0
-14.5 26
15.0 65
-17.0 42
-18.0 56
-20.0 84
21.0 93
-22.5 55
-24.0 88
-25.5 23
25.0 25
-26.5 94
-28.5 21 33
31.0 27
35.5 58
-34.0 97
38.5 74
45.5 50
-44.0 83
56.5 63
57.0 68
58.0 76
78.5 95
0.5 29 64 90
-0.5 30 92
1.0 16 38 51 75
-1.0 66 79
-1.5 18 41 70
1.5 43 45 78
