-2.0 3 7 40 70
2.0 13 81
0.0 15 39 92
2.5 9 10 19 61 77 98 99
-2.5 12 20
-3.0 14
3.0 47 62 82 96
-3.5 24
3.5 36 69 89
-4.0 5 28 46 53 80
4.0 6
4.5 22 57
-4.5 49 67 85 91
-5.0 2
5.0 17 59
5.5 52
-6.0 1 87
6.0 54
7.0 4 43
-7.0 11 34
-7.5 31 35 48
9.0 32
-10.0 60
-10.5 71
-11.0 0
11.0 8
-12.5 26
-14.5 44
-15.0 42
-18.0 56 84
-19.0 55
20.0 65
21.0 93
-23.5 88
-26.5 33
-27.5 21 23
-28.5 94
31.0 25
32.5 27
-33.0 97
36.0 58
38.5 74
44.5 50
-44.0 83
53.5 63
54.5 68
59.0 76
78.0 95
-0.5 30 72
0.5 41 64 73 90
1.0 16 29 37 38 51
-1.5 18 66 79 86
1.5 45 75 78
