-2.0 12 20 66 70
0.0 15 37 39 72 86
2.0 77 81 89
2.5 10 41 99
-2.5 14 28 40
3.0 19 47 96 98
-3.0 24
3.5 36 59 82
-4.0 5 46 53 80
4.5 22 52 57
-4.5 49 69
-5.0 2 34 67 85 91
-5.5 1 87
5.5 54
6.5 4 6 17
-7.5 48
-8.0 0 11 35
-8.5 31
9.0 32 43
-9.0 60
-9.5 71
-12.0 44
-12.5 26
14.0 8
-17.5 42
-17.0 55
-19.5 56
-19.0 84
19.0 93
-22.0 88
-23.0 23
-25.0 21
25.0 65
-26.0 33
-27.5 94
28.5 27
-28.0 97
31.5 25
35.5 58
39.0 74
-43.5 83
44.0 50
53.5 63
57.5 68
57.0 76
76.0 95
-0.5 9
0.5 38 51 62 64 73 92
1.0 16 29 90
-1.0 18 30 79
-1.5 3 7 61
1.5 13 45 75 78
