-2.0 8 12 21 61 87
2.0 13 14 28 90
0.0 16 35 40 42 74
-2.5 1 41 54 62
2.5 30 81 98
-3.0 33 48 79
3.0 47 55
-3.5 0
3.5 15 34 44 97
-4.0 23
4.0 25 57 82 88
4.5 11 22
-4.5 37 53 91
-5.0 19 58 77 96
5.0 20 72
-5.5 26 36 65 93
5.5 84
-6.0 2
6.5 3
-6.5 60
7.0 5
-7.0 66
-7.5 95
-8.0 46
-9.0 70
10.0 69
-12.0 17
-12.5 9
-13.0 68
-13.5 86
14.0 71
16.5 64
-17.0 83
-18.5 59
19.5 99
-20.5 78
21.5 49
-25.5 24
-27.0 89
30.0 32
-30.5 73
-32.5 76
35.5 10
-37.5 67
-39.5 27
42.5 4 51
43.0 85
52.5 75
-56.5 45
59.5 7
62.0 50
-64.5 63
0.5 6 38
-0.5 29
-1.0 31 39 92
1.0 52
-1.5 18 43 80
1.5 56 94
