2.0 13 59 77 81
-2.0 14 20
0.0 15 30 39 51 72
-2.5 7 12 24 40 62 66 70
2.5 10
3.0 9 17 19 52 98 99
-3.0 34
-3.5 5 46
3.5 36 96
4.0 22 41 47
-4.0 53 80
-4.5 2 49 89
4.5 57 82
-5.0 1 67 87 91
5.0 54
-5.5 85
6.0 4 6
-6.0 28
-7.0 31 61
-7.5 69
8.0 43
-8.0 48 60 71
-8.5 11 35
-9.0 0
9.0 32
-10.0 44
-11.5 26
12.0 8
15.0 93
-18.0 55
-19.5 84
-20.0 42
-20.5 56
-21.5 23
-22.0 88
-24.0 94
25.0 27
-25.0 33
25.5 65
-25.5 97
-27.0 21
30.0 25
33.0 58
41.0 74
43.0 50
-45.5 83
51.0 63
55.0 68
58.5 76
75.0 95
0.5 29 37 38 64 73 90 92
-0.5 86
-1.0 3 18 79
1.0 16 45
1.5 75 78
