-2.0 12 20 24
0.0 15 39 72 73 86
2.0 17 77
-2.5 7 40
2.5 10
3.0 19 36 47 96 98
-3.0 66 70
-3.5 1 5 46
3.5 43
-4.0 53 80 85
4.0 99
4.5 22 54 57 82
-4.5 49 87
-5.0 2 62 67 91
5.5 4
6.0 6 41
-6.0 28 61
6.5 9
-6.5 71 89
-7.0 60
-8.0 11 69
-8.5 48
9.0 32
-9.0 35
-10.0 44
-10.5 0
-11.0 26
11.5 93
14.5 8
-16.0 55
-22.0 23
-22.5 88
-23.0 42
23.0 65
-23.5 84
-24.5 21 56
-24.0 97
-25.5 33
-25.0 94
26.5 25
26.0 27
34.5 58
39.5 50
43.0 74
49.0 63
-50.5 83
52.0 68
56.5 76
75.0 95
-0.5 30 51
0.5 38 59 64 75 92
-1.0 3 14 29 34
1.0 16 37 90
1.5 13 45 52 78 81
-1.5 18 31 79
