0.0 14 15 30 37 39 72 73
-2.0 20 40 43 79
2.0 31
-2.5 7 12 29
2.5 10 98
3.0 17 19 36 96
-3.0 46
3.5 47
-3.5 66 70 86
-4.0 5 53 61 80 87
4.0 54
4.5 22 57 99
-4.5 28 49 71
-5.0 2 67 89 91
5.0 4 82
-5.5 60 62 85
7.5 6 41
-8.0 69
-8.5 48
9.0 32
-9.0 35
9.5 9
-10.0 0
10.0 93
-10.5 44
12.0 8
-12.5 26
-17.0 55
-21.5 23
-24.0 21
-24.5 42 84 94 97
24.0 65
25.0 25
-27.0 56 88
28.0 27
-28.0 33
31.0 58
37.0 50
43.5 74
49.0 68
52.5 63
-52.5 83
54.0 76
74.0 95
-0.5 3 11 52 75
0.5 34 38 64 90
-1.0 1 51 59
1.0 16 45 92
1.5 13 77 78 81
-1.5 18 24
