0.0 3 15 39
-2.0 7 12 20 51 59
2.0 13
2.5 10 34 36
-2.5 40 46 52 71
-3.0 11 61 87
3.0 19 54 96 98
3.5 47
-4.0 5 29 53 60 66 70 80 89
4.0 31
4.5 4 22
-4.5 49 85
-5.0 2 28 67 91
5.0 57 99
5.5 82
-6.5 43
7.0 93
-7.5 62
-8.0 0 69
8.5 32
9.0 6 41
-9.0 35 48
10.0 8
-10.5 44
-15.5 94
-16.0 26
-16.5 55
17.5 9
-20.5 97
-25.0 23
25.5 25
-25.5 84
-26.0 21 88
26.0 65
-27.0 42
-27.5 56
-29.0 33
31.0 27
35.5 50 58
44.0 68
46.0 74
-51.0 83
52.0 76
54.5 63
72.5 95
0.5 37 38 64 73 90 92
-0.5 72
1.0 16 17
-1.0 24 30 79 86
1.5 1 14 45 77 78 81
-1.5 18 75
