0.0 3 15 39 61 72
-2.0 12 20
2.0 13
-2.5 7 40 46 60 87
2.5 36 54 98
-3.0 5 51 59 75
3.0 10 14 19 31 86 96
3.5 47 94
-3.5 89
-4.0 0 70 80
4.0 1 4 34
-4.5 2 49 52 53 66
4.5 22
5.0 57
-5.0 67 91
5.5 82 93 99
-5.5 85
-6.0 28 29
-7.0 62
-7.5 11 43
8.0 32
-8.0 69
-9.0 35
-9.5 48
10.0 41
11.5 6
12.5 8
-12.5 44
-15.0 26
-15.5 55
-17.5 97
20.0 9
22.5 65
-24.0 84
25.0 25
-26.5 23
-27.5 88
-29.5 33
-30.0 21
31.5 27
-31.5 42
-31.0 56
32.5 50
36.5 58
40.0 68
48.5 74
-50.0 83
55.0 76
56.0 63
68.0 95
0.5 37 38 64 73 90 92
1.0 16 77 78
-1.0 24 30 71 79
-1.5 17 18
1.5 45 81
