-2.0 7 12 46
2.0 13 36 54 61
0.0 15 39 72
-2.5 20 40
2.5 96 98
3.0 10 19
3.5 4
-3.5 5 51
4.0 47 94
-4.0 59 80
4.5 14 22 31
-4.5 49 53 62 70 75 85 91
-5.0 2 66 67
5.0 57
-5.5 17 43
5.5 34 82
-6.0 52
6.0 86 99
6.5 1
-7.0 89
7.0 93
-7.5 29
7.5 32
8.0 6
-8.0 69
-8.5 11 35
-9.0 28
-9.5 48
10.5 41
-13.0 44
14.0 8
-15.5 55
-17.0 26 97
19.0 9
-22.5 88
-24.0 84
25.5 65
28.0 25
-29.5 23
33.5 27
-33.0 33
-33.5 42 56
33.0 50
-34.5 21
35.0 58
36.5 68
46.0 74
53.0 76
-53.5 83
60.0 63
66.0 95
-0.5 0 24
0.5 3 37 64 73 92
1.0 16 38 45 71 77 81 90
-1.0 18 30 60
1.5 78
-1.5 79 87
