2.0 0 13
-2.0 7 12 20 40 46
0.0 15 24 39 72 92
2.5 10 19 71
3.0 4 96 98
-3.0 62
-3.5 5
3.5 31 47
4.0 6 94
-4.0 80
4.5 22 61
-4.5 49 51 53 85 91
-5.0 2 59 67 70
5.0 57
-5.5 66 75
5.5 82
-6.0 11
6.0 14 34
6.5 86 99
7.0 32
-7.5 69
7.5 93
-8.0 17 28
8.5 1
-8.5 29 35 52
-10.0 44 48 89
10.5 41
12.5 8
-17.5 55
-17.0 88
20.0 9
-20.0 97
-22.0 26
-23.0 84
29.5 65
-30.0 23
31.5 27
32.0 25
-33.0 33
-32.5 42
33.5 50
-35.0 21
-34.0 56
34.5 58
35.0 68
43.5 74
51.0 76
-57.5 83
59.0 63
63.5 95
0.5 3 60 64 73
-0.5 43
1.0 16 37 38 45 77 78 81 90
-1.0 30 79 87
-1.5 18
1.5 36 54
