2.0 4 60
-2.0 12 20 40 79
0.0 15 37 39 73 87 92
2.5 0 10 19 31
3.0 71 96 98
3.5 94
4.0 47
-4.0 91
-4.5 5 11 49 53 80 85
4.5 22
5.0 43 57
-5.0 62 67
-5.5 2 51 59 70
5.5 82
-6.0 66
6.5 32 34 61
-7.0 69 75
7.0 99
7.5 6 14
-8.0 35
8.0 86 93
-8.5 17 44
-9.0 29
-9.5 52
10.0 1
-10.0 28 48
10.5 41
-10.5 89
15.0 8
-17.0 55 97
-18.0 84
19.5 9
-22.0 88
-23.0 26
27.0 27
-28.0 42
30.0 65
31.5 50
-31.5 56
-33.5 21
32.0 58
-35.0 23
35.0 25 68
-35.5 33
42.5 74
51.0 76
-56.5 83
59.5 95
61.5 63
0.5 3 24 64 72 77 90
-0.5 30
1.0 16 36 38 81
-1.5 7 18 46
1.5 13 45 54 78
