-2.0 7 12 20 40
2.0 13 19
0.0 30 39 73
2.5 10 98
3.0 0 96
3.5 60 71
-4.0 5 80 91
4.0 47 94
4.5 22 93
-4.5 49 53 85
-5.0 2 11 67
5.0 57
-5.5 59 70
5.5 82
6.0 32
-6.0 51 69
6.5 6 34
-6.5 66
7.0 99
-7.5 35 75 89
8.5 14 43
-9.0 28 29
-9.5 44
9.5 61
10.0 41 86
-10.5 17 48
11.0 1
-11.0 62
-11.5 52 84
17.0 8
-18.0 97
19.0 9
-20.5 55
-23.0 26
-24.0 88
-25.5 42
28.5 27 50 65
30.5 58 68
-35.0 21 56
-34.5 33
-37.5 23
36.5 25
37.5 74
51.5 76
60.5 95
63.5 63
-62.5 83
0.5 15 36 37 64 72 77 81 90
-0.5 31 92
1.0 3 16 24 45 54 78 87
-1.0 18
1.5 4 38
-1.5 46 79
