2.0 13 45
0.0 15 36 37 39 72 73 77
2.5 0 10 96 98
-2.5 12 20 31 40
-3.0 7
-3.5 5 91
3.5 6 47 71 94
-4.0 53 80
-4.5 2 49
4.5 22 60
5.0 32 57 82 93
-5.0 67 69 85
-5.5 59
6.0 34
-6.0 70
-7.0 11 35 51 66
7.0 99
-7.5 89
-8.0 29 75
8.5 61 86
-8.5 62
-9.0 17 28 44
9.0 41 43
9.5 14
-9.5 84
-10.5 48
11.0 1
12.5 8
-12.5 52
-17.5 97
-18.5 26
-20.0 42 88
22.0 9
-23.5 55
26.5 65
28.0 27
29.0 50
30.0 58
31.0 68
-33.5 33
-35.5 21
34.5 74
-38.0 23
38.0 25
-41.0 56
52.0 76
58.0 95
64.5 63
-65.5 83
-0.5 30
0.5 64 81 90
1.0 3 4 16 54
-1.0 46 92
-1.5 18 79
1.5 19 24 38 78 87
