-2.0 12 21 61
2.0 13 81 98
0.0 16 35 40 87
-2.5 8 41 65
2.5 55 90
-3.0 0 1 33 48 56 58
3.0 28 30 44 47
3.5 25 34 88
4.0 15 57 94
-4.0 26 91 96
4.5 22 42
-4.5 23 53
5.0 11 20 72 82
-5.0 36 37 60 77 79 93
-5.5 2 19
6.0 3 84 97
6.5 5
-7.5 46 95
-8.0 66
8.5 69
-9.0 70
-12.0 68
-12.5 9
14.5 71
-15.0 17 86
16.0 99
17.0 64
-17.0 83
-18.5 59
-18.0 78
21.5 49
-23.0 24
-27.5 73
-29.0 76 89
30.0 32
37.5 10
39.5 51
-40.0 27 67
43.0 4
44.0 85
52.5 75
-56.5 45
57.5 50
58.0 7
-64.0 63
-0.5 29 31 62
0.5 74
1.0 6 14 38 52
-1.0 39 92
-1.5 18 43 54 80
