0.0 4 37 39 72 73 77
-2.0 12 20 31 40
2.0 13 24 45
-2.5 7
2.5 10 87
3.0 71 96 98
-3.0 91
3.5 0 47
-3.5 5 11
4.0 22 94
-4.0 80
4.5 32 57 82
-4.5 49 53 69 85
-5.0 2 67
5.5 34 43 60 93
-5.5 59
-6.0 35
-6.5 70 89
-7.0 29 84
7.0 99
-7.5 28 51 66
7.5 41
8.0 61
-8.0 75
-9.5 17
10.0 1 14
-10.5 62
11.0 8
-11.0 48
12.0 86
-13.0 52
-14.5 44
-15.5 97
-17.5 26
-17.0 42
-18.5 88
-20.5 55
21.5 9
29.5 27 50
30.0 65 74
33.5 68
-35.5 33
35.0 58
-36.0 21
36.5 25
-39.0 23
-40.5 56
51.0 76
59.5 95
-63.5 83
65.0 63
0.5 15 54 64 81
-0.5 30
1.0 3 16 90
-1.0 6 36 46 79
-1.5 18 92
1.5 19 38 78
