2.0 0 24 38 45
-2.0 12 20 92
0.0 15 39 72 77 81
-2.5 7 40 91
2.5 10
3.0 96 98
-3.5 5 69
3.5 47 87 93 94
4.0 32 34 82
-4.0 53 80
4.5 22 57
-4.5 49
-5.0 11 35 59 67
-5.5 2 29 85
6.0 41
6.5 60
-6.5 70
-7.0 28
7.0 99
-7.5 17 75
8.0 8
-8.0 51 66
8.5 1
-8.5 84
10.0 14
-11.0 48
11.0 61
-13.0 52
-14.0 62
15.5 86
-16.0 44
-16.5 97
-17.0 88
-18.5 55
-19.5 26
20.0 9
-20.0 42
30.0 74
31.5 27 50
33.5 65
-35.5 21
34.5 25
35.5 58
34.0 68
-36.5 33
-38.0 56
-42.0 23
51.5 76
56.5 95
63.5 63
-64.0 83
-0.5 4 6 30
0.5 43 54 64 73 90
1.0 3 16 19 37
-1.0 46
1.5 13 71 78
-1.5 18 31 36 79 89
