2.0 13 38 45 98
0.0 15 39 71 72 81
-2.0 36 40 91
-2.5 7 12 20 69 92
2.5 10 24 34
3.0 0 32 47 96
-3.5 29
3.5 82
-4.0 5 35 53 70 80 84
4.0 94
4.5 22 41 57 87 93
-4.5 49 59
-5.0 2 43 67
-5.5 85
-6.0 28
6.5 1 99
-6.5 75
-7.0 11 17
7.0 60
8.0 61
-8.5 51 66
9.0 8
10.0 14
-11.5 48
-13.0 52
-14.0 44 62
-15.0 97
-15.5 42
15.5 86
18.0 9
-18.0 88
-21.5 26 55
25.5 74
33.0 27 50
35.0 58
35.5 65
37.0 25
37.5 68
-38.5 21
-40.5 23
-40.0 33
-41.0 56
55.0 76
54.0 95
64.0 63
-65.5 83
0.5 6 19 37 64 73 90
-0.5 30 31 46 77
1.0 3 16 54
-1.0 89
-1.5 4 18 79
1.5 78
