-2.0 4 7 29 79
0.0 15 19 39 72 81
2.5 10 32 38 41 82
-2.5 12 20 36 40 84
3.0 24 47 96 98
-3.0 35 89 92
3.5 0
-3.5 59
4.0 1 94
-4.0 5 80
4.5 6 22 57 99
-4.5 49 53 70 85
-5.0 45 67
5.0 87
-5.5 2 75
7.0 93
-7.5 43
7.5 60
-8.0 17
-9.0 51 66
9.0 61
9.5 14
-9.5 28
11.5 8
-11.5 11 42 48
-12.5 52
-14.5 62
15.5 86
-16.0 88
-16.5 97
-17.5 44
19.0 9
-20.0 55
-22.5 26
27.0 74
31.0 50
35.5 27
35.0 58
-37.5 21
-39.5 23
38.5 65
39.5 68
40.5 25
-41.0 33
-47.0 56
56.0 76
59.0 95
61.0 63
-63.0 83
-0.5 30 46 77
0.5 34 37 64 73 90
1.0 3 16 54
1.5 13 78
-1.5 18 31 69 71 91
