-2.0 7 12 20 35 84
0.0 15 37 39 72 73
2.0 32 82
2.5 10 98
-2.5 40 59
-3.0 4 36
3.0 24 38 96
3.5 47
-3.5 71 92
-4.0 5 31 53 75 80 99
4.0 93 94
4.5 22 57
-4.5 49 70 85
-5.0 2 67
6.0 87
6.5 61
-7.0 43
7.5 60
8.5 6 14
-8.5 17
-9.0 51
-9.5 45 66
-10.0 28
11.5 8
-11.5 48 52
-12.5 62
14.0 86
-14.5 11 42
-15.0 88
-17.5 55
19.0 9
-19.0 97
-21.0 44
-22.5 26
29.0 50
30.5 74
31.5 58
35.0 68
-37.0 21 23
39.5 27
39.0 65
42.5 25
-43.5 33
-49.5 56
55.0 76
63.5 63
-66.0 83
64.5 95
-0.5 0 19 29 46 69 81
0.5 41 64 90
1.0 1 3 16
-1.0 30 77 91
1.5 13 54 78
-1.5 18 34 79 89
