0.0 0 15 37 39 72 73 89
-2.0 12 20 40
2.0 54
-2.5 43 75
2.5 93 98
3.0 10 38 96
-3.0 55 70
-3.5 4 34
3.5 24 47 94
-4.0 31 36 53 80 99
-4.5 5 49 85 92
4.5 22 57
-5.0 67
-5.5 2 71
6.5 87
7.0 61
7.5 60
8.0 8 14
-9.0 51
-9.5 17 45
-10.0 52 66
-11.0 62
11.5 6
-11.5 28
-12.0 48
14.0 86
-15.0 44
-16.5 11 42
-19.5 97
-20.5 26
-20.0 88
22.0 9
27.5 50
29.5 58
30.0 74
33.5 68
-34.0 21
-37.0 23
39.0 27 65
-39.5 33
43.0 25
-48.0 56
56.0 76
62.5 95
64.0 63
-64.5 83
0.5 3 29 64 69 90
-0.5 46 81 84 91
1.0 16 32 82
-1.0 19 30 35 41 59 77
-1.5 1 7 18 79
1.5 13 78
