0.0 0 15 35 39 72 91
-2.0 7 12 20 40 79 89
2.5 54 98
-3.0 5 41 84
3.0 10 43 93 96
-3.5 1 55
3.5 24 38 47 94
-4.0 4 36 80 99
4.5 22 57
-4.5 31 49 53 67 85
-5.0 34 92
-5.5 2
6.5 14
7.0 60 87
-7.0 71
-7.5 17
-8.5 52
-9.0 51 62
-10.0 66
10.5 6 8
-10.5 44
11.5 61
-12.0 45 48
12.5 86
-13.5 42
-16.5 28 97
-20.0 11 26
-21.5 88
22.0 9
26.0 50
30.5 74
31.5 58
-35.0 21
-37.0 33
36.5 68
38.5 27
38.0 65
40.0 25
-42.5 23
-50.5 56
51.5 76
-61.0 83
63.5 95
66.0 63
0.5 3 32 59 64 73 82
-0.5 30 46 70 81
1.0 16 29 90
1.5 13 37 69 78
-1.5 18 19 75 77
