-2.0 7 18 19 31
2.0 13 59 69
0.0 15 32 39 72 75
2.5 10 96
-2.5 12 20 40
3.0 54 70 98
3.5 24 38 47
-3.5 55 84
-4.0 5 80 89 99
4.0 93 94
4.5 6 22 57
-4.5 36 41 49 53
-5.0 1 2 4 67
5.0 14
-5.5 85 92
6.5 60
-7.0 34 52
7.5 43 87
-8.0 17 62
-8.5 51
-9.0 71
-9.5 44
10.5 61
-10.5 66
11.5 8
-11.5 42
-12.0 45 48
12.5 86
-14.5 97
-19.5 26
-19.0 28 88
-20.5 11
25.0 9
25.5 50
27.5 74
33.0 58
35.5 27
-39.0 33
39.5 65
38.5 68
-40.5 21
40.0 25
-46.0 23
49.5 76
-54.5 56
-62.0 83
63.0 95
71.0 63
-0.5 0 46 82
0.5 3 37 64 73 91
1.0 16 29 35 78 90
-1.0 30 81
-1.5 77 79
