0.0 3 15 29 32 39 72 84
-2.0 12 17 20
2.0 13 35
2.5 10 69 98
-2.5 19 40
-3.0 7 55
3.0 59 96
-3.5 0
3.5 14 47 54 94
-4.0 5 53 99
4.0 24 38 57
4.5 22
-4.5 49 80 89
-5.0 2 36 52 67 85
-5.5 4
5.5 6 60
-6.0 1 41 92
6.5 70
7.0 93
-7.5 62
-8.0 44 51
8.0 87
-8.5 34
9.0 61
9.5 43
10.0 8
-10.0 71
10.5 86
-11.0 66
-12.0 45 48
-14.5 42 97
-17.5 26
-21.5 28
-22.5 11
-23.5 88
24.5 74
26.0 9
30.5 50
36.5 27 58
-39.5 21
39.0 25
39.5 68
-41.0 33
40.0 65
-45.5 23
51.0 76
-54.0 56
-62.5 83
63.0 95
73.5 63
-0.5 30 46
0.5 37 64 73 90
1.0 16 75 91
-1.0 31 81
-1.5 18 77 79 82
1.5 78
