0.0 3 15 39 72
-2.0 7 12 20 77 82
2.0 13 14
2.5 10 98
-2.5 40 52
3.0 35 69 96
-3.0 55
-3.5 0 5
3.5 47
4.0 24 38 57 94
-4.0 80 99
4.5 22 54 59 60
-4.5 49 53 85 89
-5.0 2 67
-5.5 36
-6.0 1 4
-6.5 92
-7.0 41
7.5 43
-7.5 51
-8.0 62
-8.5 44
8.5 61 70 87
9.5 8 93
-9.5 34 97
10.0 86
-10.5 71
11.0 6
-11.5 66
-12.0 48
-14.5 42
-17.0 45
-18.0 26
22.5 9
-22.5 11 28
-23.0 88
25.0 74
33.0 25
35.0 27
34.5 50
36.5 58
37.0 65
37.5 68
-41.0 21
-42.0 33
-44.5 23
-52.0 56
52.0 76
-61.0 83
64.5 95
71.5 63
0.5 19 37 64 73 90
-0.5 30 32 46
1.0 16 78
-1.0 17 81 84
-1.5 18 29 79
1.5 31 75 91
