-2.0 8 12 18 43 54 80
0.0 14 16 35 40
2.0 55 81
-2.5 1 21 41 79
2.5 88 90
-3.0 26 33 48 96
3.0 42 94 98
-3.5 0 60 91
3.5 25 30 44 47 62
4.0 22 34 57 87
-4.0 23 36 53
4.5 15 20 28 72
-4.5 56 93
-5.0 2
5.5 3 82
-5.5 37 77
6.0 11
-6.0 19 95
6.5 5 84
-7.5 46
7.5 69
8.0 97
-8.5 66
-9.0 70
-12.0 68
-13.0 9
13.0 71
-14.5 78
15.0 99
-16.5 17 86
18.5 64
-18.5 83
-19.5 59
-23.0 73
-24.5 24
24.0 49
-27.0 76
-30.5 89
36.0 32
36.5 51
-40.0 27
42.5 10 85
-43.5 67
45.5 4
52.5 50
56.5 75
-59.5 45
61.0 7
-64.5 63
0.5 6 52 74
-0.5 31
-1.0 29 58 92
1.0 38
1.5 13 65
-1.5 39 61
