-2.0 12 20 77
2.0 13 75 91
0.0 15 39 72 73
-2.5 7 40 89
2.5 10 43 84 98
-3.0 29 82
3.0 31 96
3.5 47 60 69 94
-3.5 55
-4.0 5 80 99
4.0 24 35 57
-4.5 0 49 53
4.5 19 22 38
-5.0 1 2 67 85
5.0 54
-5.5 36
6.0 59
-6.5 4 51 92
-7.5 41 97
8.5 61
9.0 87
9.5 8 70
10.5 6
-10.5 34 62
-11.0 71
-11.5 66
-12.0 44 48
-14.0 42
14.0 86 93
-17.0 45
-19.0 26
-22.0 11 88
-24.0 28
26.0 9
28.5 74
32.0 25
32.5 27
36.5 50
39.0 58
38.5 65
38.0 68
-41.0 33
-43.0 21
-44.5 23
-48.5 56
55.5 76
-61.0 83
67.5 95
70.5 63
-0.5 3 32 37 46
0.5 14 17 64 90
1.0 16
-1.0 30 52
-1.5 18 79 81
1.5 78
