-2.0 12 40
0.0 15 31 37 39 72 73 89
2.0 60
-2.5 7 20 77
2.5 10 47 91 98
-3.0 43
3.0 96
-3.5 1 5 55 82
3.5 69
4.0 24 57 94
-4.0 53 80
4.5 19 22 38
-4.5 29 49 99
-5.0 2 67
5.0 35
5.5 54
-5.5 85
6.0 17
-6.0 36 51
-7.0 4 92
7.5 8 59
-8.0 41
9.0 70
-9.0 97
9.5 87
10.0 86
10.5 6
-10.5 34 71
-12.0 48 66
12.0 61
-13.5 42
-15.0 62
-16.5 26
-16.0 44
-17.0 45
18.0 93
-23.0 88
-24.0 11
-27.0 28
28.5 9
31.0 27 74
34.0 50
36.5 25
37.5 68
-38.0 21
39.5 58
39.0 65
-40.0 33
-45.0 23
-49.0 56
56.0 76
-63.5 83
67.0 63
67.5 95
-0.5 0 3 14 30 32 46
0.5 64 84
1.0 16 52 78 90
1.5 13 75
-1.5 18 79 81
