0.0 37 39 72
-2.0 84
-2.5 7 12 20 40 77
2.5 10 91 96 98
3.0 31 47 52
-3.0 55
-3.5 5
3.5 69
4.0 24 57 94
-4.0 53 80 99
4.5 22 38
-4.5 49 67 82
5.0 19
-5.0 51 85
-5.5 2
5.5 35
-6.0 36
6.0 54
-6.5 29
-7.0 43 92
7.0 70
-7.5 4 41
8.5 6 8 59
9.0 17
-9.5 71
9.5 86 87
-10.5 34
-12.0 66
-12.5 48 97
12.5 61
-13.5 62
-14.5 42
-16.0 26
-17.0 44
17.5 93
-20.5 45
-23.5 11
-26.0 88
28.5 9
-30.0 28
31.0 27 74
34.5 50
-36.5 21
37.5 58
38.5 25
39.5 68
-40.5 33
40.5 65
-43.5 23
-46.5 56
57.0 76
-61.5 83
67.5 63
66.5 95
-0.5 0 46
0.5 15 60 64 73
-1.0 3 30 32 89
1.0 16 75 90
-1.5 1 14 18 79 81
1.5 13 78
