-2.0 7 12 20 40 81
2.0 13
0.0 15 39 72 75
-2.5 0 77
2.5 10 98
-3.0 55
3.0 91 96
-3.5 5 99
3.5 69
4.0 24 47 52 57 70 94
-4.0 51 80 89
4.5 22 38
-4.5 49 53
-5.0 2 67 82 84 85
5.0 19
-6.0 36
6.5 31 35 54 86
7.5 17
-7.5 29 41 43 92
-8.0 4
-8.5 71
9.0 8
9.5 59 87
-10.0 34
11.5 6
-12.0 48
-12.5 66
-13.0 42
13.5 93
-13.5 97
-14.5 26
16.5 61
-16.0 62
-18.0 44
-21.5 45
-22.0 11
-27.0 88
29.5 9
-30.0 28
33.0 27
35.0 58
35.5 74
-37.0 21
36.5 50
38.5 68
40.0 25
41.0 65
-42.5 23
-43.5 56
-45.5 33
58.5 76
-62.5 83
64.5 95
69.5 63
-0.5 30 32 46
0.5 37 64 73
1.0 1 14 16 90
-1.0 60
-1.5 3 18 79
1.5 78
