-2.0 3 7 18 81 84
0.0 15 37 39
2.5 10 47 98
-2.5 12 40 60 77
3.0 13 69 91 96
-3.0 51
3.5 1 24 57
-3.5 55
-4.0 5 53 80 99
4.0 94
-4.5 2 43 49
4.5 22 38
-5.0 0 67 85
5.5 19 52 86
-5.5 82
6.0 31
-6.0 36
-6.5 41 71
7.0 14 35 54
7.5 17
-7.5 92
-8.5 4 29
9.0 8
-9.0 34
9.5 87
10.5 59
-11.0 42
-12.0 48
-12.5 66
14.5 61
-15.0 26
16.0 6
16.5 93
-17.5 97
-19.5 44
-20.5 45
-22.0 62
-23.0 11
-25.0 88
-27.5 28
30.5 9
34.0 27
35.5 50 58
37.0 68
36.5 74
-40.0 21
41.5 25
-40.5 56
43.5 65
-44.5 23
-48.5 33
57.0 76
-62.5 83
63.5 95
67.5 63
-0.5 30 32 72 89
0.5 64 70 73 90
1.0 16
-1.0 46 75
-1.5 20 79
1.5 78
