-2.0 3 12 40 81
0.0 15 37 39 72
2.0 89
-2.5 7 20 51 70 75
2.5 10 69
3.0 13 47 91 96 98
-3.0 77 84
3.5 24 57
-3.5 55
-4.0 5 60 80 85 99
4.0 22 94
-4.5 49 53
-5.0 2 41 67 71
5.0 38
5.5 19 31
6.0 1 52
-6.0 36 82
6.5 14
-7.0 0
7.0 17 54 86
-7.5 34 92
7.5 35
-8.5 4
8.5 8
-9.0 29
9.5 87
-10.0 42
11.5 59
-12.0 48 83
-13.0 66
14.0 6
-14.0 26
16.5 61
-19.0 97
-20.5 44 45
20.0 93
-21.5 11
-22.0 88
-24.5 28
-24.0 62
31.0 9
32.5 50
34.0 27
-36.5 56
37.5 58 74
37.0 68
-39.0 21
41.5 25
-45.5 23
-47.5 33
47.0 65
56.0 76
63.0 63
64.5 95
-0.5 30 32
0.5 43 64 73 90
1.0 16
-1.0 46
-1.5 18 79
1.5 78
