-2.0 7 20 40 81
0.0 15 32 39 72
2.0 69
-2.5 3 12 84
2.5 10
3.0 13 24 96 98
-3.0 55 71 77
3.5 17 31 47 57 91 94
-3.5 41 99
-4.0 5 53 75 80 85
-4.5 2 49 67 70
4.5 22 83
5.0 38
5.5 19
-5.5 36 60
6.0 14 43 52
-6.0 34
-6.5 82
6.5 86
7.0 89
7.5 35 54
-7.5 92
8.0 1
-8.5 4 29 42
9.5 87
-10.5 0
10.5 8
-12.0 48
12.0 59
-13.0 66
-15.0 26
16.0 6
17.5 61
-18.5 97
-19.0 45
19.5 93
-21.0 88
-22.5 28
-24.5 11
-24.0 44
-26.5 62
27.5 9
-30.0 56
32.0 27
33.5 74
36.5 50 68
37.5 58
-40.0 21
-47.5 23
46.0 25
-47.0 33
47.0 65
55.5 76
63.0 63
64.5 95
-0.5 30 37
0.5 64 73
1.0 16 90
-1.0 46 79
-1.5 18 51
1.5 78
