-2.0 12 20 40 41
0.0 15 39 72
2.5 10 13 98
-2.5 81
-3.0 3 55 77
3.0 24 47 96
-3.5 5 99
3.5 57 91
-4.0 34 53 80
4.0 86 94
4.5 14 22
-4.5 49 85
-5.0 2 67 70
5.0 17 38 83
5.5 19
-5.5 36 75
6.0 52
-6.5 60
-7.0 82 92
7.5 54 89
8.0 8 35
-8.0 29 84
-9.0 4
9.0 43 87
10.0 1
-10.5 0
-12.0 26 48
12.0 59
-13.0 66
-14.0 42
15.5 6
-16.5 45
17.5 93
19.5 61
-20.0 97
-22.5 28
-22.0 88
-24.5 62
-25.5 44
-26.5 11
27.5 9
-27.5 56
34.0 27
34.5 74
-37.5 21
36.5 58
38.0 68
40.5 50
44.5 25
-47.0 33
47.5 65
-51.5 23
59.5 76
61.5 95
66.0 63
-0.5 30
0.5 32 64 73 90
1.0 16 37 69 78
-1.0 18 51 71
-1.5 7 46 79
1.5 31
