-2.0 7 12 31 34
2.0 13
0.0 15 30 39 41 51 69 73
2.5 10 24
-2.5 20 40 81
-3.0 3 77
3.0 57 91 96 98
3.5 14 47 94
-3.5 55 70
-4.0 5 53 80 99
4.5 17 22 38
-4.5 49
-5.0 2 36 67
5.0 86
5.5 19 52 83
-5.5 85
-6.5 29 75
7.0 89
-7.0 92
7.5 54
-7.5 82
8.0 35
-8.0 60
8.5 43 87
-9.0 4
-10.0 0 84
10.0 8
11.0 1
-11.5 48
-12.0 42
12.0 59
12.5 6
-13.0 66
13.5 93
-16.0 26
-17.5 45 97
18.5 61
-22.5 56
-24.0 28
-25.5 11 88
26.5 9
-26.0 62
-29.0 44
35.0 74
37.5 50 68
-38.5 21
38.0 27
38.5 58
-44.5 33
46.0 25
49.5 65
-55.5 23
62.0 95
65.0 76
68.5 63
0.5 37 64 71 90
-0.5 72
1.0 16 32
-1.0 18 79
-1.5 46
1.5 78
