2.0 14 41 71
0.0 15 34 39 72
-2.0 18 46
-2.5 7 12 20 40 81
2.5 10 24 98
3.0 47 57 91 96
-3.0 55
-3.5 3 5 77 99
4.0 17 22 94
-4.0 80
-4.5 36 49 53 85
4.5 38 43 52
-5.0 2 29 67
5.5 19 83
-6.0 84
6.5 86
-6.5 92
7.5 54
-7.5 75 82
-8.0 0
8.0 35
8.5 87
-9.0 4 60
9.0 89
10.0 93
11.0 1 8
-11.5 48
-12.0 42
12.0 59
-13.0 66
13.5 6
-16.5 45
-17.0 26
-17.5 97
18.5 61
-20.0 56
22.0 9
-24.0 28
-25.0 11 88
-27.0 62
-31.5 44
33.5 50 74
37.5 27 68
38.0 58
-40.5 21 33
49.0 25
-53.5 23
52.5 65
61.5 76
64.0 95
73.0 63
-0.5 30 79
0.5 37 51 64 73
1.0 13 16 90
-1.0 69 70
-1.5 31
1.5 32 78
