-2.0 8 12 18 21 26 39 43 60 80 96
2.0 13 81
0.0 16 29 35 40 42 52
-2.5 33 41
2.5 90 94 98
-3.0 1 36 48 91
3.0 25 44 47 62
-3.5 0
3.5 30 34
4.0 57 72
-4.0 93
-4.5 2 23 53 77 95
4.5 15 20 22
5.0 3
-5.5 37
6.0 5 65 69 82
6.5 11 84
-6.5 19
-7.0 46
-8.5 66
-9.0 56 70
9.0 87
10.0 28 97
-11.5 78
-14.5 17
-15.0 68
15.0 71
-16.5 9
-17.5 86
-18.0 83
-19.5 59
21.5 99
23.0 49 64
-25.0 73
-28.0 24
-28.5 76
33.5 51
-33.5 89
35.0 32
-39.5 27
39.5 85
41.0 10
-45.0 67
48.0 50
50.0 4
-59.0 45
59.5 75
63.0 7
-62.5 63
-0.5 31 79 92
0.5 58 74
1.0 6 38
-1.0 14
-1.5 54 61
1.5 55 88
