-2.0 12 20 46
0.0 15 30 39 72 73
2.0 24 32 70
2.5 10 47 96
-2.5 40 81
-3.0 7 29 55
3.0 52 57 71 91 98
-3.5 5 77
3.5 41 86
-4.0 3 36 80 99
4.0 94
4.5 22 38
-4.5 49 53
-5.0 2 67 85
5.5 19
6.0 83
-6.5 84 92
7.0 54
-7.5 0 82
7.5 8 35 87
-8.0 75
8.5 89
-9.0 4
9.5 6
10.0 1 93
-10.0 60
-11.5 48
11.5 59
12.5 61
-13.0 66
-13.5 26 42
-16.0 45
-20.0 56
21.0 9
-21.0 28 97
-23.0 11
-23.5 88
-25.5 62
-32.0 44
33.0 74
35.0 50
35.5 58
36.5 68
41.0 27
-40.5 33
-42.5 21
49.0 25
-56.0 23
57.0 65
58.5 76
63.5 95
73.5 63
-0.5 13
0.5 14 31 37 64 90
1.0 16 51
-1.0 17 18 43
1.5 34 78
-1.5 69 79
