-2.0 12 13 20
0.0 15 17 30 39 61 72 73
2.0 52
2.5 10 91 98
-2.5 40 46 69 81
3.0 32 57 86 96
-3.5 5 36 55 77 99
3.5 34 47 71
-4.0 3 31 80
4.0 94
4.5 22 38
-4.5 49 53 85
-5.0 2 67
5.5 19 41 70
-6.0 43 92
-6.5 0 84
6.5 83
7.0 6 54 87
-7.0 82
7.5 8 35
-8.0 75
9.0 1
-9.0 4
10.0 89
10.5 59
-10.5 60
-11.5 48
11.5 93
-13.0 45 66
-15.0 42
-16.5 26
-18.5 56
-20.5 28
21.0 9
-22.0 11
-23.5 88
-23.0 97
-26.5 62
-35.0 44
34.0 74
37.0 68
38.0 58
43.0 27
42.5 50
-45.5 21 33
45.5 25
54.5 65
-57.5 23
58.0 76
64.5 95
71.5 63
0.5 37 64 90
-1.0 14
1.0 16 51
-1.5 7 18 29 79
1.5 24 78
