-2.0 12 18 79
0.0 15 29 37 39 52 72 73
2.0 91
-2.5 0 7 14 20 40 46 81
2.5 10 57 86
-3.0 36 55
3.0 98
-3.5 5 13 69 77 99
3.5 32 47 71 96
4.0 8 38 94
-4.0 80
-4.5 2 3 49 53 67 85
4.5 22
5.0 34
5.5 6 19
-5.5 31 92
6.5 1 54 87
7.0 35 41 83
-7.0 82
-7.5 75
-8.0 43
8.0 70
-8.5 4
8.5 89
9.5 59
-11.0 48 60
11.5 93
-13.0 26 45 66
-16.5 42
-18.0 56
19.5 9
-21.5 28
-22.0 97
-23.5 11
-29.5 62
-29.0 88
-33.5 44
35.5 74
37.0 68
39.5 27
39.0 58
43.0 25
-45.5 21
-44.5 33
46.5 50
54.0 65
-58.5 23
59.5 76
63.0 95
70.0 63
0.5 17 61 64 90
-0.5 30
1.0 16 24 51
1.5 78
-1.5 84
