2.0 0 91
-2.0 12 20 52 79
0.0 15 30 37 39 72
-2.5 7 17 36 40 81
2.5 47 57 84
3.0 10 71 96 98
-3.0 46 55
-3.5 14 77
4.0 1 6 38 94
-4.0 5 80
-4.5 3 49 53 69 85 99
4.5 22 32
-5.0 2 13 67 92
5.0 19
-5.5 31
5.5 87
6.0 34 54
-6.0 43
6.5 35
-7.0 75 82
7.0 83 89
-8.5 4
8.5 41 59
9.5 70
-10.0 45
-11.0 48 60
-12.0 42
12.0 93
-12.5 26
-13.0 66
-17.5 56
19.5 9
-20.0 11
-21.0 28 97
-30.0 62
-33.0 88
-35.5 44
35.5 74
37.0 68
40.0 58
43.5 25
42.5 27
-43.0 33
45.5 50
-46.5 21
54.5 65
57.5 76
-62.0 23
63.0 95
70.5 63
0.5 29 61 64 73 90
1.0 16 24 51
-1.5 8 18 86
1.5 78
