2.0 6 71
-2.0 12 18 20 36 40 72
0.0 15 37 39 73
-2.5 7 81
2.5 10 57 96
-3.0 46
3.0 47 98
-3.5 5 55 77
3.5 38
4.0 22 89 94
-4.0 52 80 99
-4.5 49 53 92
-5.0 3 14 45 67 85
5.0 19 32 87
5.5 0 35 54
-5.5 2 69
-6.0 75
-6.5 13 82 86
6.5 34
-7.0 31
7.5 59 83
-8.0 4
9.5 41 70
-9.5 42
-10.5 48
-11.0 60
-13.0 66
-13.5 26
14.0 93
20.5 9
-20.5 28
-20.0 56
-21.0 97
-22.0 11
-28.5 62
33.0 74
35.5 68
-35.0 88
-39.5 44
40.0 58
44.0 27
-44.5 33
-47.0 21
47.0 25
46.5 50
56.0 65
-61.0 23
61.5 76
69.0 95
72.5 63
-0.5 8 30 84
0.5 24 61 64
1.0 16 29 51 90
1.5 1 78 91
-1.5 17 43 79
