-2.0 7 12 20 40
0.0 15 24 39
2.5 10 57 98
-2.5 17
-3.0 8
3.0 96
-3.5 5 46 55 77 92
3.5 38 47
4.0 22 43 87 94
-4.0 72 80 85 99
4.5 19
-4.5 49 53 75
-5.0 2 3 67
5.0 35 54
-5.5 14
5.5 32
6.0 6 59
-6.0 45 52 82
-6.5 69
6.5 89
7.0 34
-7.0 84
-7.5 4
7.5 70 83
-8.5 13 31
-9.0 42
9.5 0
-9.5 86
10.0 41
-10.5 48 60
-12.5 66
-13.0 26
-16.5 28
-17.5 56
17.0 93
19.0 9
-21.0 11 97
-29.0 62
35.5 68
34.5 74
-37.0 44
-37.5 88
39.5 58
43.0 27
-45.5 33
46.0 50
-48.5 21
48.5 25
57.5 65
-62.0 23
66.5 76
69.5 95
76.0 63
0.5 29 51 64 71 73 81
-0.5 30 79
-1.0 1 18
1.0 16 37 61 90 91
-1.5 36
1.5 78
