-2.0 12
0.0 15 37 39 51 73
2.0 57
2.5 10
-2.5 20 40
-3.0 1 7 75 92
3.0 38 47 81 96 98
-3.5 5 8 55 77
3.5 87
4.0 35 54 94
-4.0 46 80
4.5 19 22 59
-4.5 49 53 85 99
-5.0 2 67 82
5.0 70
-5.5 3
6.0 6
-6.0 14
6.5 32 34
-7.0 31 69
-7.5 4 42
-8.0 52 86
8.0 83
8.5 43
9.0 0 89
-9.0 45
-9.5 13
-10.0 48 60 72
10.5 41
-11.0 84
-12.5 66
-13.5 26 28
16.0 93
-17.5 56
-19.5 11
-21.5 97
23.5 9
-27.5 62
31.5 68
-35.5 88
37.5 58
36.0 74
-38.0 44
43.5 25
42.5 50
44.5 27
-47.5 21
-48.0 33
55.5 65
-59.5 23
71.0 76
72.0 63
73.0 95
-0.5 24 29 30 36
0.5 61 64 91
1.0 16 78 90
-1.0 18
-1.5 17 71 79
