-2.0 7 12 17 20 29
0.0 36 37 39 91
2.0 57 81
2.5 10 87 98
-2.5 40 92
3.0 6 35 38 59 96
-3.5 8 55 71 77
3.5 54
-4.0 5 46 53 80 85 99
4.0 19 47 94
4.5 22
-4.5 49 67 82
-5.0 1 2
-5.5 3
6.0 34
-6.0 42 45
6.5 0
-6.5 14 86
-7.0 4
7.0 32
-7.5 28 69
-8.0 31
8.0 83
9.0 43 89
-9.0 60 84
-9.5 52
-10.0 48 72
10.5 41
-11.0 13
-12.5 66
-16.5 11
16.0 93
-17.5 56
-18.0 26
23.5 9
-23.5 97
-26.0 62
31.5 68
34.5 58
-34.0 88
39.5 27
-39.5 44
38.0 74
40.5 25
43.5 50
-45.5 21
-51.0 33
56.0 65
-60.0 23
71.5 63
74.5 76
75.0 95
0.5 15 61 64 73 90
-0.5 18 30 51
1.0 16
-1.0 24
1.5 70 78
-1.5 75 79
