-2.0 7 12 17 40 92
0.0 18 30 39 73
2.0 35 57
-2.5 8 20 45
2.5 10 38
3.0 47 54 96 98
-3.5 5 29 55 77 86 99
4.0 19 94
-4.0 80 82
4.5 22
-4.5 46 49 53 85
-5.0 2 67 71
5.0 34
-5.5 3
-6.0 1
-6.5 4 14 28
6.5 43
7.5 32
-7.5 42 84
-8.0 69
-8.5 31 60
8.5 83
-9.0 72
-9.5 48
9.5 89
10.0 41
-11.0 52
-12.0 13 66
-15.5 11 26 56
16.0 93
22.5 9
-24.5 97
-26.5 62
30.0 68
33.5 58
37.5 74
38.0 27
-39.0 88
40.0 25
-41.0 44
43.0 50
-45.5 21
-55.0 33
57.5 65
-63.0 23
69.5 63
72.5 76
73.0 95
0.5 15 36 37 61 64 90
-0.5 75 91
1.0 0 6 16 81
-1.5 24 51 70 79
1.5 59 78 87
