-2.0 12 17 20 24 40
0.0 15 39 81
2.0 57
-2.5 7 51
2.5 10 38 54 98
3.0 34 96
-3.0 55 82
-3.5 5 77 99
3.5 19 47 94
4.0 0
-4.0 70 80
-4.5 2 49 53 85
4.5 22
-5.0 29 46 67
-5.5 3 84
-6.0 1 4 42
-6.5 14 28
-7.0 60 71
8.0 32
-8.0 69
8.5 83
9.5 41 89
-9.5 48 72
-12.0 11 26 52 66
-12.5 13
-14.0 31
-16.5 56
17.5 93
21.5 9
-27.0 62
-28.5 97
29.0 68
32.0 58
36.5 74
-39.5 88
-41.0 44
-45.0 21
44.5 25
44.0 27
47.0 50
-53.0 33
-64.0 23
65.5 65
71.5 63
72.0 76
72.5 95
0.5 18 37 59 61 64 73 75 87 90
1.0 6 16 35 36 86
-1.0 30 91
-1.5 8 45 79 92
1.5 43 78
