-2.0 8 12 26 42
2.0 13 58 81 95
0.0 16 35 40
-2.5 39 41 43
2.5 62 90 98
-3.0 1 14 91
3.0 25 44 72
-3.5 0 2 48 93
3.5 34 47
4.0 3 20 22 30 57 94
-4.0 23 53
-4.5 78
5.0 15
5.5 5
-6.0 37 77
6.5 11 82
-6.5 56
-7.0 19 46
7.0 69 84
-8.5 70
-9.0 66
9.5 65
10.5 87
11.0 97
11.5 28
12.0 71
-15.5 68
-17.0 17 86
-17.5 83
-19.5 59
-21.0 9
21.0 49 99
25.5 64
-29.0 24 76
-29.5 73
33.0 51
35.0 32
-34.5 89
-36.5 27
39.5 85
42.0 10
44.5 50
-45.5 67
50.5 4
-56.0 45
59.0 7
58.0 75
-63.0 63
0.5 6 74 88
-0.5 31 52 60 79 92
-1.0 29 80 96
1.0 55
-1.5 18 21 33 36 54 61
1.5 38
