0.0 15 35 37 39 73 86 87
-2.0 17 20 82
2.0 38 54
-2.5 7 12 24 40
2.5 10
3.0 19 47 96 98
-3.0 51
3.5 0 94
-3.5 55 77
-4.0 5 43 80 85 99
4.5 22
-4.5 28 42 49 53
-5.0 2 4 45 46 67 70
-5.5 1 3 14 84
-6.0 60
-7.0 29
8.0 41
-8.0 69
8.5 32 83
-8.5 71 72
-9.0 48
9.0 89
-11.5 66
-12.0 26
-13.0 13 52
-14.5 11
15.5 93
-16.0 31
-18.0 56
19.0 9
-27.0 62
27.0 68
-29.5 97
35.5 58
-40.0 88
-42.5 44
43.5 74
-47.5 21
47.0 25
47.5 27
49.0 50
-54.5 33
-63.0 23
70.0 63 65
71.0 95
73.5 76
-0.5 6 8 30
0.5 64 90
1.0 16 18 61
-1.0 59 81 92
1.5 34 36 57 75 78
-1.5 79 91
