0.0 15 39 61
-2.0 17 42 79 82 91
2.0 36 38
2.5 10 98
-2.5 12 24 40 59 81
-3.0 7 55
3.0 19 96
-3.5 5 77
3.5 6 47
-4.0 1 51 53 70 80 99
4.0 94
-4.5 4 49 60
4.5 22
-5.0 2 14 67 85
-5.5 3 46
6.0 89
6.5 41
-7.5 43 45
-8.0 29 69
-8.5 48
8.5 83
9.0 32
-10.0 71
-11.0 66
-12.0 72
-13.0 13 52
-14.0 26
-15.5 11
-17.0 31
17.5 93
-18.5 56
22.0 9
-27.5 62
28.5 68
-31.5 97
34.0 58
-37.0 88
-39.0 44
44.5 74
-47.5 21
47.5 25
47.0 27
52.0 50
-57.5 33
-64.5 23
68.5 63 65
68.0 95
73.0 76
0.5 8 37 64 73 90
-0.5 30 34 92
1.0 0 16 86
-1.0 35 87
1.5 18 54 57 75 78
-1.5 20 28 84
