-2.0 1 12 20 35 40 70 79 87
0.0 15 39 73 92
2.5 10 19 36 42
-2.5 34 91
-3.0 5 24 60 77
3.0 47 96
-3.5 14 55 59 81
-4.0 4 53 80 99
4.0 94 98
4.5 22
-4.5 49
-5.0 2 51 67 85
5.0 41
-5.5 3 46
5.5 86 89
-6.0 82
-7.0 43 45
7.5 6
-8.0 69
-8.5 48
8.5 83
-9.0 29
9.0 32
-10.5 71
-11.0 66
-12.5 13
-13.0 52
-14.5 11
-15.0 26 72
-16.5 56
-18.5 31
21.5 9
21.0 93
-27.5 62
-28.5 97
29.0 68
32.5 58
-35.5 44
-37.5 88
42.5 74
-46.5 21
47.0 25
47.5 27
55.0 50
-56.5 33
-65.5 23
70.5 63
70.0 65
69.0 95
77.0 76
0.5 0 37 61 64
-0.5 30
1.0 16 54 90
-1.5 7 17 84
1.5 8 18 28 38 57 75 78
