2.0 0 8 18 19 98
0.0 15 37 39 92
-2.0 17 20 40
2.5 10 75
-2.5 12 14 87
-3.0 35 77 91
3.0 36 47 96
-3.5 4 5 24 43 55
3.5 41
4.0 22 89 94
-4.0 53 80 85
-4.5 34 45 49 59 67 81 99
-5.0 2
-5.5 3
5.5 6 86
-6.0 46 51 82
6.5 42
-7.5 69
-8.0 48
8.5 83
-9.0 29
9.0 32
-10.5 66
-11.0 71
-12.0 13
-12.5 52 62
-15.0 11 26 56
18.5 93
-19.0 31
-19.5 72
22.5 9
-28.5 97
-31.0 44
31.0 68
32.0 58
-39.5 88
40.5 74
46.5 25
47.0 27
-48.5 21
-52.5 33
56.5 50
-63.5 23
68.0 65 95
72.0 63
77.0 76
0.5 1 64 73
1.0 16 54 61 70 90
-1.0 30 60 79
-1.5 7 28
1.5 38 57 78 84
