0.0 15 39 60 73 75 84
-2.0 17 20 40 79
2.0 19 43
-2.5 4 7 12
2.5 10 18
3.0 1 36 96 98
-3.0 55 77
3.5 0 8
-3.5 5 87 91
-4.0 24 28 45 80
4.0 47 94
4.5 22 70
-4.5 35 49 53 62 67 85 99
5.0 42
-5.0 59 81
-5.5 2 3
-6.5 34 46 51 82
-7.0 69
-7.5 48
7.5 86
-8.5 29
8.5 83
9.5 32
-10.0 66
-10.5 71
-11.0 13
-11.5 26 52
-15.5 11
-16.5 31
-17.0 56
18.0 93
-19.0 72
21.5 9
-27.5 44
-29.0 97
31.5 68
33.5 58
41.5 74
-42.0 88
45.0 27
46.0 25
-53.0 21
-54.5 33
55.5 50
-59.0 23
64.5 95
70.0 65
76.0 63 76
0.5 37 64 90 92
-1.0 14
1.0 16 38 54 61 89
1.5 6 41 57 78
-1.5 30
