-2.0 4 12 17 79
0.0 15 39
2.5 0 8 10 18 75
-2.5 7 20 40 53
3.0 36 96 98
-3.0 45 77
3.5 42 47 84 89
-3.5 55 99
-4.0 5 24 28 80 87 91
4.0 94
4.5 22
-4.5 49 62
-5.0 2 3 35 67 85
5.5 1
-5.5 59
-6.0 69 81
-6.5 46 82
7.0 6 43 70
-7.0 48
-7.5 29 51
-8.0 34
8.5 83
9.0 32
-9.5 13
-10.0 66 71
-10.5 52
10.5 86
-12.0 26
13.5 93
-14.0 11
-17.0 56
-18.0 72
-19.0 31
22.5 9
-27.0 97
-28.0 44
32.0 68
36.5 58
40.5 74
45.0 27
-44.5 88
48.0 25
-53.0 21
-57.5 23 33
57.0 50
65.0 65
67.5 95
78.5 63
76.0 76
0.5 14 37 54 61 64 73 92
-0.5 30 41
1.0 16 38 57 90
1.5 19 60 78
