2.0 14
0.0 15 39 42
-2.0 20 28 53
-2.5 7 12 17 40 41
2.5 10 18 84 98
3.0 47 60 89 96
-3.0 77
3.5 36
-3.5 55
4.0 0 94
-4.0 80 85 99
-4.5 5 24 45 49 87 91
4.5 22
-5.0 2 3 67
5.0 75
-5.5 59 69
-6.0 29 35
-6.5 62 81 82
-7.0 46 48
8.0 1 6
-8.0 51
-8.5 13 71
8.5 83
9.0 32 70
-9.0 34 52 66
9.5 43 93
13.5 86
-14.5 11
-15.5 26
-18.5 56
21.5 9
-21.5 31
-21.0 72
-29.0 97
-30.0 44
33.5 68
36.5 58
41.0 74
-43.5 88
45.5 27
50.0 25
-54.5 21
54.5 50
-57.0 23
-61.0 33
65.5 65
66.0 95
75.0 76
82.0 63
-0.5 30
0.5 37 61 64 73 90 92
-1.0 4
1.0 16 38 54 57
-1.5 8 79
1.5 19 78
