-2.0 17 20 42
0.0 39 73
-2.5 12 40 77
2.5 98
3.0 10 18 47 96
-3.5 5 8 55
3.5 14 36 94
4.0 22 60 89
-4.0 29 41 80 99
-4.5 3 24 49 69 91
-5.0 28 67 85 87
-5.5 2 59
5.5 93
-6.5 13 48 81 82
7.0 6
-7.0 35 46 52 62 71
7.5 0
8.0 43
-8.5 51 66
8.5 83
9.0 32
9.5 1 70
-10.0 34
-13.0 11
13.0 86
-14.0 26
-15.5 56
19.5 9
-22.0 72
-28.5 31
-29.0 44
32.0 58
33.0 68
-32.5 97
-42.5 88
44.0 27
45.0 74
49.5 25
53.0 50
-57.5 21
-56.5 23
61.5 65
61.0 95
-63.0 33
71.5 76
80.5 63
-0.5 4 15 30 75
0.5 37 38 61 64
1.0 16 54 57 90 92
-1.5 7 45 53 79
1.5 19 78 84
