-2.0 12 17 20
0.0 15 37 39 73
2.5 10 47
-2.5 29 40 77
3.0 18 96 98
-3.5 5 42 55 69
3.5 36
4.0 43 94
-4.0 80 99
-4.5 3 8 24 49
4.5 14 22
-5.0 13 52 67 71 85 91
5.0 89
-5.5 2 41 59 87
5.5 60
-6.0 48
-6.5 81 82
6.5 93
7.0 0
-7.0 28
-7.5 35 46
8.5 6 32 70 83
-8.5 51 66
-9.0 62
-10.5 34
11.0 1
-12.5 11 26
12.5 86
-16.5 56
19.5 9
-21.0 72
-28.0 44
-30.0 31
33.0 58
32.0 68
-33.0 97
37.5 27
-44.5 88
46.5 74
50.5 25
54.0 50
57.5 95
-58.5 23
-61.5 21 33
60.5 65
64.5 76
83.5 63
0.5 4 38 45 61 64 92
-0.5 30
1.0 16 19 57 75 78 90
-1.5 7 53 79 84
1.5 54
