-2.0 7 8 20 53 79
0.0 15 39 73
2.5 10 75
-2.5 12 40 45 69 77
3.0 18 43 89 96 98
-3.0 52 71 84
-3.5 5 13 55
3.5 36
-4.0 3 80 99
4.0 47 94
4.5 22
-4.5 49
-5.0 24 59 67 85 91
5.0 93
-5.5 2 48
6.0 14 60 70
-6.0 82 87
-6.5 41 81
7.5 0
-7.5 46
8.0 32 83
-8.0 35 66
9.0 6
-9.0 51
-9.5 62
-10.5 28 34
10.5 86
11.0 1
-13.5 26
-14.0 11
-15.0 56
22.0 9
-22.0 72
-27.5 31
29.5 68
-31.0 44
-31.5 97
33.0 58
37.0 27
-46.0 88
48.0 74
51.0 50
52.5 25
-58.5 23
58.5 65
59.0 95
-63.0 21 33
63.5 76
84.0 63
0.5 37 38 61 64 92
-0.5 42
1.0 4 16 19 57 78 90
-1.0 29 30
-1.5 17
1.5 54
