-2.0 12 21 54 91
2.0 13 81
0.0 16 35 40 74 88 96
-2.5 1 8 26 41 43
2.5 25 58 62 90
-3.0 39 48 93
3.0 47 98
-3.5 0 2
3.5 3 20 34 44 57
4.0 22 94 95
-4.0 23
-4.5 14 53 78
4.5 30
5.0 5 15
-5.0 77
-6.0 37
6.5 11 82
-6.5 46
7.0 69
7.5 84
-8.0 19 56
-8.5 70
-9.5 66
11.0 87 97
11.5 65
12.0 28
-14.0 86
15.0 71
-16.0 9
-16.5 68
-17.0 17
-19.5 59 83
20.0 49
22.0 64 99
-30.0 24 76
30.5 32
31.0 51
-32.0 73
-34.5 89
-36.0 27
41.5 85
42.5 50
44.0 10
-46.5 67
55.0 4
-54.0 45
58.5 7 75
-62.0 63
-0.5 29 31 33 36 79
1.0 6 42 55 60
-1.0 52 61 80
-1.5 18 92
1.5 38 72
