-2.0 7 12 13 17 20 77 79
0.0 15 29 30 39 73
2.0 54
2.5 10 70 98
-2.5 40
3.0 18 36 43 96
-3.0 45
3.5 47
-3.5 55 99
-4.0 3 5 59 80
4.0 94
4.5 22 93
-4.5 49
-5.0 2 24 67 91
5.5 6
-5.5 48 82 84 85
-6.0 87
6.5 14
-6.5 81
7.0 60
-7.5 41 66
8.0 32 83
-8.0 46
-8.5 35
-9.0 51
10.0 0
10.5 1
-10.5 34 62
-11.5 11
-12.0 28
12.0 86
-12.5 26
-15.0 56
18.0 9
-23.5 72
-27.0 31
29.0 68
35.0 27
-34.0 44
34.0 58
-34.5 97
48.0 74
-48.5 88
53.5 50
57.0 25
58.0 65 95
-60.5 23
-61.5 33
61.5 76
-62.0 21
84.0 63
0.5 8 37 38 64 90 92
-0.5 89
1.0 16 19 57 61 75
-1.0 52 71
1.5 4 78
-1.5 42 53 69
