0.0 15 37 39 73 92
-2.0 17 40 77
2.5 4 10 54
-2.5 7 12 20
3.0 8 18 36 47 96 98
-3.0 59
-3.5 3 42 55
3.5 43 94
-4.0 5 45 80 89 99
4.0 22
4.5 6
-4.5 49
-5.0 2 24 48 67 82 85 91
5.0 93
-6.0 81
-6.5 84 87
7.0 14 32 60
-7.0 66
-8.0 41
8.0 83
-8.5 46
9.0 1
-9.0 11 35 51
-9.5 34
-10.0 28
-10.5 26
-11.0 62
13.0 9 86
14.5 0
-15.0 56
-23.5 31
-25.0 72
27.5 68
32.0 27 58
-34.0 44
-37.0 97
42.5 74
-47.0 88
54.0 50
-57.0 23
-58.0 21
59.0 25 76
58.0 65
-60.0 33
60.5 95
82.0 63
-0.5 13 69 70 75
0.5 38 64 71
1.0 16 19 29 52 57 61 78 90
-1.0 30
-1.5 53 79
