-2.0 7 20 59 77
0.0 8 15 37 39
2.0 71
2.5 10 36 52 96
-2.5 12 17 40 42 75
-3.0 3 55 89
3.0 4 18 47 93 98
3.5 43 54 94
-3.5 70
-4.0 5 80 85
-4.5 2 48 49 99
4.5 22
-5.0 24 67 82 84 91
-5.5 81
6.0 6
6.5 32
-6.5 66 87
7.0 1
7.5 14 60 83
-8.0 34 41
-8.5 26 46 51
-9.0 35
-9.5 11
-11.0 28 56
-12.0 62
16.0 9
16.5 86
19.0 0
-22.5 72
-25.5 31
26.0 68
29.5 27
-30.0 44
30.0 58
-35.0 97
39.5 74
-47.5 88
52.0 50
-55.0 21
-57.5 23
-56.0 33
57.5 65
60.0 76
62.5 25
63.0 95
83.0 63
-0.5 30 92
0.5 38 57 64 69 73 90
1.0 13 16 19 29 61
-1.5 45 53 79
1.5 78
