-2.0 12 17 40 53 79
2.0 13 36 93
0.0 29 39 89
-2.5 7 20 42 75
2.5 10 18 45
-3.0 3
3.0 43 71 96 98
3.5 4
-3.5 5 55
4.0 47 52 54 94
-4.0 48 80 82 99
4.5 1 22
-4.5 49 70 81
-5.0 24 67 85 91
-5.5 2
6.0 6 32
-6.0 66
-6.5 87
-7.0 34
7.0 83
7.5 14 60
-7.5 41
-8.5 46 51
-9.0 35 84
-9.5 26
-10.0 11
-14.5 56
15.0 9
-15.0 28
-17.5 62
18.5 86
-22.5 72
23.5 0
-26.5 31
27.5 27
27.0 68
29.0 58
-30.5 44
-34.0 97
40.5 74
-45.5 88
51.5 50
-55.5 21
-55.0 23 33
59.5 65
63.5 76
63.0 95
66.0 25
81.5 63
-0.5 8 30 59 92
0.5 15 37 38 57 64 73
1.0 16 19 61 90
1.5 69 78
-1.5 77
