2.0 1 8 69
-2.0 12 40 79
0.0 15 37 39 42 73
-2.5 3 7 17 20 53
2.5 10 13 18 98
-3.0 5 91
3.0 43 96
3.5 6 47 71
-3.5 48 82
4.0 4 94
-4.0 55 80 81 85 99
4.5 22 54
-4.5 49 67 70
-5.0 2 24 34
5.0 32 52
-5.5 66
-6.5 41 87
7.0 14 60 83
-7.5 51
-9.0 35 46
-10.0 26 84
-11.5 11
-14.0 56
15.0 9
-19.5 62
-20.0 28
21.0 86
-23.5 72
-24.0 31
25.5 27
26.5 0
27.5 58
28.5 68
-29.0 44
-32.0 97
41.5 74
-41.0 88
-53.0 23 33
56.5 50
60.5 65
-62.0 21
65.5 25 95
64.0 76
83.0 63
0.5 45 57 59 64 89 90
1.0 16 38 61 93
-1.0 29 92
1.5 19 36 75 78
-1.5 30 77
