-2.0 3 7 12 20 53
0.0 15 39
2.0 18 42 59
2.5 10 69
-2.5 17 29 40 79 81
3.0 6 13 43 75 96
-3.0 34 55 70 82
3.5 47 71 98
-3.5 48
-4.0 5 99
4.0 89 94
4.5 8 22 32
-4.5 24 49 80 85
-5.0 2 66 67
5.0 4 54
-5.5 41 84
6.0 52
6.5 14 60 83
-6.5 87
-7.0 26 51
-9.0 35 46
-11.0 11
-15.0 56
17.5 9
-22.0 28
-22.5 31 62
23.5 86
26.0 27
-26.0 72
28.5 0
-28.5 44
29.5 58 68
-33.0 97
43.0 74
-44.0 88
-49.0 23
-52.0 33
59.5 50
-61.0 21
63.5 65
64.5 25
65.5 76
68.0 95
77.5 63
-0.5 1 30 93
0.5 37 57 61 64 73
1.0 16 36 38 90
-1.0 45 77 91
1.5 19 78
-1.5 92
