-2.0 7 45 79 82 92
0.0 15 39 70
2.0 18 19 98
2.5 10 89
-2.5 12 17 20 40
-3.0 1 48
3.0 13 42 43 69 71 75 96
-3.5 5 55
3.5 47 59 94
-4.0 29 41 80 93 99
4.0 32
4.5 22
-4.5 24 49 66 85
-5.0 2 67
5.5 4 14 54
-6.0 51 87
6.0 52 60 83
-7.5 26
-8.0 11
8.5 8
-8.5 35
-9.0 46
-14.5 56
19.0 9
-22.0 28
-22.5 31 62
26.5 68
26.0 86
-27.5 44
28.5 0
29.5 27
-29.0 72
30.5 58
-33.5 97
-42.5 88
44.0 74
-46.5 23
-52.5 33
-56.0 21
57.0 50
63.5 25
66.0 65
67.5 95
69.5 76
80.5 63
0.5 36 37 57 61 64 73 90
1.0 16 38
-1.0 30 34 77 84 91
-1.5 3 53 81
1.5 6 78
