-2.0 12 20 40 79
0.0 15 30 36 37 39 61 84
2.0 19 71
-2.5 7 17 26 41 48
2.5 10 75 89 98
3.0 13 32 43 47 70 96
-3.0 92
-3.5 5 55 99
3.5 69
4.0 14 22 94
-4.0 66 80
-4.5 1 24 49 85
-5.0 2 67
5.0 59 60
-5.5 51 87 93
6.0 4 52 54 83
-6.0 29
-8.0 35
-9.0 11
9.5 8
-9.5 46
-10.5 56
-18.5 31
19.0 9
-23.5 28
-26.0 44
26.0 68
-27.0 62
28.0 0
28.5 58
-29.5 72
29.0 86
30.5 27
-31.0 97
40.5 74
-41.5 88
-45.5 23
-54.0 21
-57.5 33
56.5 50
62.5 25
66.0 95
69.5 65
70.0 76
81.5 63
-0.5 6 45 77 81
0.5 57 64 73
1.0 16 34 42 90
-1.0 91
-1.5 3 53 82
1.5 18 38 78
