2.0 13
0.0 15 39
-2.0 17 40 48 53
2.5 10 19 32 34 89
-2.5 12 20
3.0 14 43 96 98
-3.0 45 55
-3.5 5 26 42 66 92
3.5 47 69
4.0 22 60 75 94
-4.0 24 80 93 99
-4.5 51 67
-5.0 87
-5.5 1 2 85
5.5 52 83
6.0 4
6.5 54 59 70
-7.0 29
-7.5 35
-9.0 11
-9.5 46
10.0 8
-11.0 56
-15.0 31
22.5 9
24.0 0 58
-24.0 28
-24.5 44
-25.5 62
25.5 63
25.0 68
-27.5 97
28.0 27
-30.5 72
33.5 86
37.5 74
-41.0 88
-43.5 23
-52.5 21
55.5 50
-58.5 33
64.5 25
65.0 95
69.5 65
71.0 76
0.5 6 37 57 61 64 71 73 81 90
-0.5 36 77
-1.0 3 30 41 49 79 82 91
1.0 16 18
-1.5 7 84
1.5 38 78
