-2.0 7 12 79
0.0 15 39 82
2.0 32 38 89
2.5 10 19 60
-2.5 20 40 53 66
-3.0 6 45
3.0 96
-3.5 24 51 55
3.5 43 47 69 75 98
-4.0 5 42 80 92
4.0 94
4.5 22 34 52
-4.5 87 99
-5.0 2 67 85
5.0 8 83
-5.5 26
-6.0 1
6.5 4 63
-6.5 35
7.0 54
8.0 59
-8.5 29
8.5 70
-9.5 46
-12.5 11 56
-14.5 31
19.5 68
-23.0 28
23.0 58
-24.0 44
25.0 9
26.0 0
-26.0 62
-29.0 97
31.0 27
-33.5 72
37.5 86
38.0 74
-39.5 88
-45.0 23
-51.5 21
57.0 50
-58.0 33
66.0 25
66.5 95
69.0 65
74.5 76
-0.5 3 30 77
0.5 18 37 57 64 73 90
1.0 13 16 41 61
-1.0 36 49 71 91
1.5 14 78 81
-1.5 17 48 84 93
