-2.0 12 18 52
2.0 13 25 38 81 90
0.0 16 29 35 40 42
-2.5 1 8 21 41 93
2.5 60 62 98
-3.0 2 39 43 48
3.0 3 44 47 58 94
-3.5 0 26
3.5 20 34 57
4.5 5 22 30
-4.5 23 53 78
-5.0 56 77
5.5 15
-6.0 14 37
6.5 11
-6.5 46
7.0 82
7.5 84
-8.0 19
8.0 95
-8.5 70
9.5 69
-10.0 66
10.5 97
11.5 28 71
-11.5 86
12.0 65 87
-14.5 9
-16.0 68
-17.5 59
-18.5 17 83
20.0 49
22.5 64
25.5 99
28.0 32
29.5 51
-32.5 24
-32.0 76
-34.0 73
-37.0 89
-39.5 27
38.0 85
43.5 50
44.5 10
-46.5 67
-52.0 45
56.5 4
59.0 7 75
-63.5 63
0.5 33 36 72 74 79
-1.0 6 31 61 88 92
1.0 55
-1.5 54 80 91
1.5 96
