-2.0 7 17 36 53 66 79 93
0.0 13 14 15 18 39 49 77
2.0 38
-2.5 6 12 20 40 51
2.5 10 63 89
3.0 19 41 43 75 81 96 98
-3.0 26 71
-3.5 5 24 55
3.5 52 69
4.0 22 47 94
-4.0 80 87 99
4.5 83
-4.5 85 92
-5.0 67
-5.5 1 2
5.5 34
-6.0 35
-6.5 45
7.0 4
7.5 54
-8.0 42
-9.0 29
9.0 59
-9.5 46
9.5 70
-10.0 11
-15.5 31
-16.0 56
20.0 9
-20.5 44
20.5 68
23.5 58
-24.5 62
-25.0 28
26.5 0
30.0 27
-30.5 97
37.5 74
-36.5 88
-38.5 72
38.5 86
-46.0 23
-54.0 21
-55.0 33
58.0 50
67.0 25
69.0 65
68.5 95
72.5 76
-0.5 3 91
0.5 8 37 57 61 64 73 82 90
1.0 16 60 78
-1.0 30 48
1.5 32
-1.5 84
