0.0 3 15 39 73 77
-2.0 7 17 20 51 66
2.0 52 75
2.5 10 38 89
-2.5 12 36 40
-3.0 24 55
3.0 43 47 69 96 98
-3.5 5 6 87
3.5 19 81
-4.0 1 80 99
4.0 94
4.5 22 63 83
-5.0 2 35 67 71 92
5.0 41
-5.5 85
6.5 34
7.0 4
-7.5 45
7.5 54
-9.0 11 29
9.0 70
-9.5 42 46
10.0 59
-15.5 31
-19.5 44 56
21.5 9 68
21.0 58
25.5 0
-25.5 28 62
-29.5 97
31.5 27
-37.0 72
37.5 74
-36.0 88
39.0 86
-46.0 23
-53.5 21
-54.0 33
57.0 50
65.5 25
66.0 95
70.0 65
70.5 76
-0.5 18 49 60
0.5 26 37 57 61 64 90
1.0 16 32 78 93
-1.0 30 48 91
1.5 8 82 84
-1.5 13 14 53 79
