-2.0 1 12 60 79
0.0 3 15 26 37 39 52 73
2.0 45 82 89
-2.5 7 20 24 40
2.5 8 10 38 69 84
-3.0 13 14 36 87
3.0 43 96 98
-3.5 5 6 55
3.5 19 94
-4.0 35 80 99
4.0 47 83
4.5 22 49 81
-4.5 85
-5.0 2 67
-5.5 92
6.5 34 41
7.0 70
-7.0 71
7.5 4 54
-8.0 29
8.0 63
-9.0 42
-9.5 46
-10.0 11
11.0 59
17.0 9
-17.0 44
17.5 68
-18.5 31
-20.0 56
23.0 0 58
-25.0 28
-30.0 97
-31.5 62
32.5 74
-33.0 88
34.5 27
-36.5 72
39.0 86
-45.0 23
-53.5 33
-54.0 21
54.0 50
63.0 25
65.5 76
66.5 95
70.0 65
0.5 32 57 61 64 77 90 93
-0.5 48
1.0 16
-1.0 18 30 51 91
-1.5 17 53 66 75
1.5 78
