-2.0 12 17 20 40 52 87
0.0 15 26 30 32 39 48
2.0 69
-2.5 7 24
2.5 10 89 98
-3.0 35
3.0 38 43 47 82 93 96
-3.5 5 36 55 60
3.5 83 94
-4.0 14 75 80 99
4.0 19 22 70 84
-4.5 13 85
-5.0 2 67 76
5.0 45
5.5 8 81
-6.0 92
6.5 34
-7.0 29
7.0 49
7.5 4 54
-8.0 11
8.0 41
-8.5 71
-9.5 46
9.5 63
-10.0 42
11.5 59
13.5 68
14.0 9
-17.5 44
-19.0 31
24.5 0
-24.5 28
-24.0 56
29.0 58
-30.0 97
-33.0 62
33.5 74
-34.0 88
37.5 27
-36.0 72
41.5 86
-45.5 23
50.5 50
-52.0 33
-55.5 21
65.5 25
68.5 65
70.5 95
0.5 1 3 37 57 61 64 73 77 90
-0.5 51
1.0 16
-1.0 66 91
1.5 6 78
-1.5 18 53 79
