-2.0 7 17 18 24 35
0.0 15 39 51 73
2.0 45
2.5 10
-2.5 12 20 40
3.0 1 38 43 83 89 96 98
3.5 47 82
-3.5 55 99
-4.0 5 36 52 80
4.0 19 84 94
4.5 22
-4.5 85
-5.0 2 14 60 67
-5.5 29 76
6.0 8 34 49 81
-6.0 13
-6.5 92
7.0 6 54
7.5 4
-8.0 42
9.0 41
-9.5 46 71
9.5 63
-10.5 11
11.5 68
12.0 59
16.5 9
-19.5 31
21.5 0
-21.5 44
-22.5 56
25.5 58
-26.5 28
-29.5 97
-33.5 62
32.0 74
-33.0 88
-34.0 72
41.5 27 86
-46.0 23
46.5 50
-53.0 21
-52.5 33
67.5 65
68.5 25
73.0 95
0.5 3 37 48 61 64 70 90 93
-0.5 32 66 75
1.0 16 26 57 69 77 78
-1.0 87 91
-1.5 30 53 79
