-2.0 7 12 20 53 75
0.0 15 37 39 61 66
2.0 26 89 93
2.5 10 83
-2.5 17 18 40 70
3.0 43 96 98
-3.5 5 29 55 99
3.5 38 47
4.0 22 82 94
-4.0 80 85
4.5 19 84
-4.5 36
-5.0 2 67 76
5.0 34
5.5 1 49
-6.0 14 52
-6.5 42 60 92
6.5 63 81
7.0 6 54
7.5 4 8
-7.5 13
-9.5 46
10.0 41 68
-10.5 71
12.0 59
-12.5 11
18.0 9
19.5 0
-19.0 31
-22.0 56
-25.0 44
26.5 58
-29.5 28
-30.0 97
32.5 74
-34.0 72
-34.5 88
-36.0 62
42.5 27 86
43.5 50
-48.5 23
-51.5 33
-53.0 21
63.5 65
69.5 25
73.5 95
0.5 3 51 64 69 73
-0.5 30 32 87 91
1.0 16 45 48 57 77 90
-1.0 35 79
-1.5 24
1.5 78
