0.0 15 35 37 39 73
-2.0 29 53
2.0 83
-2.5 7 12 17 20 40 42
2.5 10 89
3.0 43 93 96 98
-3.5 18 55
3.5 38 47
-4.0 5 75 80
4.0 34 94
4.5 22 82 84
-4.5 70 85
-5.0 2 36 67 76
5.0 19 49
5.5 6
-6.5 14
6.5 54 81
-7.0 92
7.5 1 4
-7.5 11 60
-8.0 52
8.0 63
8.5 68
-9.0 13 46
9.5 8
10.5 41
-11.0 71
12.0 59
-18.0 56
-19.0 31
21.0 0 9
26.5 58
-27.5 44
-28.5 28
-28.0 97
33.0 74
-32.0 88
-36.5 72
38.5 50
-38.5 62
40.0 86
42.0 27
-51.0 21
-51.5 23 33
63.0 65
74.5 25
73.0 95
-0.5 26 69 91
0.5 45 61 64 66 87
1.0 3 16 48 51 57 77 90 99
-1.0 24 30 32
1.5 78
-1.5 79
