0.0 15 37 39
2.0 34 78
-2.5 7 12 17 40 42 67
2.5 10 89 98
3.0 43 96
-3.5 5 55
3.5 6 47 84
-4.0 18 80
4.0 22 38 93 94 99
-4.5 2
4.5 68
5.0 19 49 82
-5.0 70 76 85
-5.5 36
-6.0 11
6.0 54
-6.5 14
7.0 4 81
-7.0 75 92
8.0 63
-8.5 60
-9.0 46
9.5 1
-9.5 52
10.5 8 41
-10.5 13 71
12.0 59
-17.5 56
-19.0 31
23.5 0
-24.0 28
25.5 9 58
-26.0 44
-26.5 97
-30.0 88
34.0 74
-36.0 62
-39.5 72
39.0 86
41.5 50
46.5 27
-49.5 21
-50.5 23
-51.5 33
61.0 65
73.5 25
76.0 95
-0.5 24 29 30 45
0.5 61 64 73 90
1.0 3 16 35 51 57 66
-1.0 26 32
-1.5 20 53 69 79 91
1.5 48 77 83 87
