-2.0 7 12 53 79
0.0 15 24 37 39 68
2.0 35 87
2.5 10 47 89 98
-2.5 17 20 40 69
3.0 96
3.5 43 93 94
-3.5 55 70
-4.0 5
4.0 38
-4.5 18 42 80
4.5 22
-5.0 2 85
5.0 84
5.5 8 19 54 82 99
-5.5 36 76
6.0 63
6.5 6 81
-6.5 14
7.0 4
-7.5 11 92
7.5 49
-9.0 46
-9.5 60
-10.0 71
10.5 1 41
-11.0 52 75
11.0 59
-11.5 13
-16.5 31
-18.0 56
-21.0 28
23.5 0 58
-24.0 44
26.5 9
-29.5 88
-30.0 97
-34.0 62
34.5 74
40.0 50
-40.5 72
40.5 86
48.5 27
-50.5 23
-53.0 21
-52.5 33
61.0 65
74.0 25
74.5 95
-0.5 26 30 32 91
0.5 29 34 61 64 73 90
1.0 3 16 45 51 57 66 78 83
1.5 48 67 77
