-2.0 7 12 17 20 40 79
2.0 26 48 89
0.0 39 45
2.5 10 98
3.0 35 43 67 87 96
-3.5 5 55 69
3.5 47
4.0 22 63 84 94
-4.0 80
4.5 6 38
-5.0 2 18 85
5.0 54
5.5 19 82
-5.5 76
-6.0 14 36 68
6.5 4 8 81 99
-7.5 92
-8.0 11
-8.5 71
-9.0 42 46
9.5 41
-10.0 60
10.5 59
11.0 1
-11.0 75
11.5 49
-12.0 52
-12.5 13
-16.5 31
-19.0 56
21.0 58
-23.0 44
24.0 0
-25.5 28
28.0 9
-29.0 88
-32.0 62
-34.0 97
38.0 74
38.5 86
41.0 50
45.0 27
-45.5 72
-49.0 23
-53.5 33
-56.5 21
61.0 65
76.5 25
77.0 95
0.5 15 24 37 61 64 73 83 93
-0.5 30 32
1.0 3 16 29 51 57 90
-1.0 70 91
-1.5 34 53
1.5 66 77 78
