2.0 3 25 33 38 62 81 90
-2.0 8 12 88 93
0.0 16 35 40
-2.5 1 21 41 52
2.5 96 98
-3.0 2 43 48 78
3.0 20 58
-3.5 0 39
3.5 34 44 47 57 94
4.0 5 60
-4.0 6
4.5 22
-4.5 23 53
-5.0 26 77
5.0 30
5.5 15
-6.0 37 46
6.0 71
6.5 11 82
-7.5 14
7.5 95
-8.0 70
8.0 84
-8.5 19
-9.0 56
-9.5 86
9.5 97
10.5 65
-10.5 66
11.5 28 69
12.5 87
-14.5 9
-15.0 68
-16.0 59
-20.5 17
-20.0 83
22.0 49
23.0 64
24.5 32
26.5 99
29.5 51
-32.5 24
-32.0 76
-35.0 73
34.0 85
-36.0 89
-41.5 27
44.0 10
47.5 50
-47.5 67
-50.5 45
61.0 4
60.5 7
-60.5 63
60.0 75
0.5 42 55 74 79
-1.0 29 31 54 61 72 91 92
1.5 13 36
-1.5 18 80
