0.0 15 39 73 83
-2.0 45 53
2.0 66 70 77
-2.5 7 12 17 20 40
2.5 26 48 89 98
3.0 10 43 47 63 93 96
-3.5 34 55
-4.0 5 80 85
4.0 35 87 94
4.5 22 38 54
-4.5 69
-5.0 2 76
5.0 84
5.5 6 19 82
-5.5 14 18
-6.0 36
6.0 81
6.5 4
-7.0 71
-7.5 92
7.5 99
8.5 41
-8.5 42 46
9.5 59
10.0 8
10.5 1
-10.5 11 75
-11.0 60
-12.5 13 52
13.5 49
-13.5 68
-15.0 31
-17.0 56
-21.0 44
21.5 58
24.5 0
-27.0 28
29.5 9
-29.5 88
-34.5 62 97
39.0 74
39.5 86
43.0 50
45.5 27
-52.0 21 23
-52.5 72
-56.0 33
62.5 65
76.5 25 95
0.5 29 37 51 64 67 90
-0.5 30 32
1.0 3 16 24 57 61
-1.0 91
1.5 78
-1.5 79
