-2.0 12 17 53
0.0 15 32 39 51 61 73
2.0 66
2.5 10 48 77 89 98
-2.5 20 40 67
3.0 47
-3.5 5 55
3.5 43 96
4.0 6 54 94
-4.0 80
-4.5 14 45 76
4.5 22 38 63 87
-5.0 2 71 85
5.0 35 81
5.5 19 70
-5.5 34 69
6.0 4 82
-6.0 18 36
-7.0 11
7.0 41 84 93 99
-7.5 92
-8.5 46
8.5 59
9.5 1
11.0 8
-11.0 42 60
-11.5 75
-13.0 13 52 68
-16.0 31
-17.0 44
17.0 49
-21.0 56
25.0 0 58
25.5 9
-27.5 28
-29.0 88
-34.5 97
-36.5 62
39.0 74
39.5 86
45.5 50
46.0 27
-51.0 21
-50.5 23
-54.0 33
-55.0 72
65.0 65
77.5 25
76.0 95
-0.5 30 83 90
0.5 37 64
1.0 3 16 26 29 57
-1.0 91
-1.5 7 79
1.5 24 78
