2.0 6
-2.0 7 12 17 20 79
0.0 37 39 73 90
2.5 26 66 89
-2.5 40
3.0 10 43 48 54 63 77 96 98
-3.0 14 55
-3.5 5 71
3.5 47
-4.0 80
4.0 94
4.5 22 38 81
-5.0 2 76 85
5.5 4 19 35 41 82 87
-6.0 36 69
-6.5 11
6.5 93 99
-7.0 18 34 67 92
7.0 59
7.5 1 8
8.0 70
-8.5 45 46
9.5 84
-11.0 60
-11.5 75
-12.0 68
-12.5 13
-13.0 52
-15.0 42
-15.5 44
-17.0 31
19.5 49
21.0 0
24.5 9
-25.5 56
25.5 58
-26.0 28
-29.5 88
37.0 74
37.5 86
-37.5 97
-38.0 62
44.5 50
49.0 27
-51.5 21
-52.0 23
-53.0 33
-54.5 72
67.0 65
75.0 25
76.0 95
0.5 15 32 64
-0.5 51 83 91
1.0 3 16 61
-1.0 30
1.5 24 29 57 78
-1.5 53
