-2.0 7 12 14 17 53
2.0 24 89
0.0 30 39
2.5 10 54 66
-2.5 20 40
3.0 43 47 48 93 96 98
-3.0 55
-3.5 5
3.5 6 63 81
4.0 41 94
-4.0 80
4.5 22
5.0 1 4 8 38 99
-5.0 2
5.5 19 59 77 82
-5.5 76 85
6.0 26
-6.0 36
6.5 35 87
-7.0 11 69 92
-7.5 18
-8.0 46 68
-8.5 34 67
-9.5 45 75
9.5 70 84
-11.0 60
-12.0 13
-12.5 52
-14.0 44
-16.5 42
17.0 0
-17.0 31
-22.5 28
22.5 49
-28.5 56
28.5 58
29.5 9
-30.5 88
35.0 74
-36.5 97
-39.0 62
39.0 86
47.0 50
-53.0 21
52.0 27
-55.0 23
-54.5 33
-57.0 72
69.0 65
75.0 25
78.5 95
0.5 3 15 37 64 73 90
1.0 16 32 61
-1.0 51 79 83 91
1.5 29 57 78
-1.5 71
