-2.0 7 12 51 53
0.0 15 30 37 39 73
2.0 29 41 54
2.5 1 10 24 81 89 98
-2.5 40
3.0 43 63 96
-3.0 55
-3.5 5
3.5 47 48 99
4.0 8 22 93 94
-4.0 80
4.5 4 59
-4.5 85
-5.0 2
5.0 38
5.5 19 82
-5.5 76
6.0 26
-6.0 36
6.5 77
-6.5 92
7.0 6 35 87
-7.5 11 67 69 75
-8.0 18 46
-9.5 68
9.5 70
-10.0 34
10.0 84
-10.5 60
-11.0 45
-11.5 13
-12.0 52
-14.5 44
-15.0 42
15.5 0
-18.0 31
18.5 49
-20.5 28
-26.0 56
26.5 58
-28.0 88
30.5 9
36.0 74
-37.0 97
-39.5 62
39.5 86
44.5 50
48.5 27
-54.5 21 33
-60.0 23 72
69.0 65
76.5 25
81.0 95
0.5 3 61 64 71
-0.5 14
1.0 16 78 90
-1.0 79 91
-1.5 17 20 66 83
1.5 32 57
