0.0 1 15 37 39 41 73
-2.0 7 12 20 53 83
2.0 8 29 32 71 89 99
2.5 10 24 59
-2.5 17 40
-3.0 51
3.0 96 98
-3.5 5 55
3.5 43 47 48
4.0 4 94
4.5 22
-4.5 80 85
5.0 38 82
-5.0 75 76
-5.5 2 36
5.5 19 63
-6.0 11 92
7.5 35 70 84 87
-7.5 46
8.0 6
-8.0 69
-8.5 18 67
8.5 26 93
-9.5 60 68
10.0 77
-10.5 13 34 52
-14.0 42
15.0 0
-15.0 31
-15.5 45
-19.0 28
-19.5 44
22.5 49
-25.0 56
25.0 58
-26.5 88
29.0 9
-35.5 97
-38.5 62
38.5 74
41.5 86
45.5 50
46.5 27
-52.5 21
-55.5 33
-57.5 23
-59.5 72
73.0 65
79.0 25
85.5 95
0.5 3 61 64
1.0 14 16 81
-1.0 30 79
1.5 54 57 78 90
-1.5 66 91
