0.0 3 37 39 81
-2.0 17 20 41 53
2.0 57 90 98
-2.5 1 7 12 40 83
2.5 10 14 29 89
3.0 24 32 71 96
-3.0 75
3.5 4 43 47 48
-3.5 5 51 55
4.0 8 94
-4.0 67 80
4.5 22
5.0 38 70 82
-5.0 76 85
-5.5 2 11 36 92
5.5 19
6.5 6 63
7.0 26 84
-7.0 46
7.5 35
-8.0 69
8.0 87
-8.5 13 18 60 68
-9.0 52
9.0 77
-10.5 34
10.5 93
-13.0 42
-14.0 31
15.0 0
-16.5 45
-18.0 28
21.5 49
-22.5 44 88
-22.0 56
24.0 58
30.0 9
-37.0 97
-41.5 62
42.0 74
42.5 86
47.0 27
46.5 50
-55.0 21
-57.5 33 72
-58.0 23
71.0 65
77.0 25
88.0 95
0.5 15 64 73
-0.5 30 91
1.0 16 59 61 66
1.5 54 78 99
-1.5 79
