-2.0 7 12 20 40 53
2.0 8 57
0.0 37 39 59
2.5 4 10 29 89 90 98
-2.5 83
3.0 24 43 96
-3.5 5 41 55
3.5 32 47 71
4.0 14 48 94
-4.0 80
-4.5 1 2 51 85
4.5 22 38 82
-5.0 11 36 76 92
5.0 19 77
5.5 6 26
6.0 63
-6.5 75
-7.0 46 52
7.0 84
-7.5 13 60
8.0 35
-8.0 69
8.5 87 93
-9.0 18
-9.5 42
-10.5 34
-14.0 68
14.5 0
-15.0 45
-16.0 31
-19.0 28
-22.0 56
-22.5 88
23.0 49
-26.0 44
28.5 58
30.5 9
-36.0 97
-43.0 62
45.5 74
46.5 50 86
48.0 27
-54.0 21
-54.5 33
-55.5 72
-59.5 23
74.0 65
76.5 25
84.5 95
-0.5 3 30 91
0.5 15 61 64 73
1.0 16 54 99
-1.0 81
-1.5 17 79
1.5 66 67 70 78
