2.0 4 57 66 89
-2.0 7 12 40 53 79 81
0.0 15 39
2.5 10 90 98
-2.5 17
-3.0 11 83
3.0 26 29 43 47 67 96
-3.5 5 55
3.5 8 24 71 94
4.0 32 48 77 82
-4.0 80
-4.5 2 36 92
4.5 22 38
5.0 14 19
-5.0 41 76 85
-5.5 1 13 51 52 60
5.5 6 84
-6.5 46
7.0 93
8.0 35
-8.0 42 69
-9.0 75
9.0 87
-9.5 18
9.5 63
-10.0 34
-13.0 31
16.0 0
-17.5 45 68
-21.5 28 88
-23.0 56
-24.5 44
25.5 49
26.5 58
32.5 9
-38.0 97
45.0 27
-45.0 62
47.5 50
48.5 74
48.0 86
-53.5 33
-55.0 21 72
-61.0 23
74.0 65
77.0 25
82.0 95
-0.5 3 30
0.5 37 61 64 73
1.0 16 54
-1.0 91
-1.5 20 59 70
1.5 78 99
