-2.0 7 12 17 20 26 53 79
0.0 15 30 39
2.0 57 66
-2.5 40
2.5 89 96 98
3.0 10 29 43 71 90 99
-3.0 52 59 81 83
-3.5 5 55
3.5 24 47 67 82
-4.0 13 36 70 80 92
4.0 94
4.5 6 19 22 38 48
-4.5 85
-5.0 2 76
5.0 32
5.5 84
-6.0 1 41 51
6.0 14 77
-6.5 46
-7.0 75
7.5 93
8.0 35
-8.0 69
-8.5 34
9.5 87
-10.0 18
-10.5 42
-11.5 31
-13.5 45
13.5 63
-15.5 68
17.5 0
-22.5 88
-23.5 56
-24.5 28 44
26.5 49
28.5 58
31.0 9
-37.0 97
-41.5 62
42.5 27
47.5 86
48.0 74
50.0 50
-54.0 33
-56.0 21
-58.0 72
-64.0 23
72.0 65
76.0 25
78.5 95
0.5 37 54 64 73
-0.5 91
-1.0 3 11
1.0 16 61
1.5 4 8 78
-1.5 60
