-2.0 8 12 18 21
0.0 16 35 40
2.0 58 81 98
2.5 20 36 38 55 90
-2.5 41 72 88
-3.0 0 1 2 43 48
3.0 5 33 34
-3.5 39 52
3.5 42 44 47 57 96
4.0 22 94
-4.5 6 23 53
5.0 30 60 79 95
-5.5 46 77
6.0 11 15 82
-6.0 37
-6.5 26
7.0 65
-7.0 86
7.5 97
-8.0 70
8.0 84
-9.0 14 19
9.0 71
9.5 28
10.0 87
-11.0 66
12.0 69
-12.5 9 68
-15.0 56
-16.0 59
-21.5 83
22.0 32
22.5 49
-24.5 17
25.0 64
27.5 99
-28.5 24
28.0 51
-30.5 76
33.0 85
-35.5 73
-39.5 27 89
46.5 10
48.5 50
-49.5 67
-53.5 45
60.0 75
62.5 4
-63.5 63
66.5 7
-0.5 29 31 78 91
0.5 62 74
-1.0 61 80 92 93
1.5 3 13 25
-1.5 54
