-2.0 12 20 40 79
0.0 15 30 37 39 73
2.0 57 71 89
-2.5 7 13 17
2.5 82
3.0 10 43 66 90 98
3.5 29 47
-3.5 36 55 59 83 92
-4.0 5 11 81 85
4.0 22 24 94
4.5 19 38 48 99
-4.5 70 80 96
-5.0 2 76
-5.5 1
5.5 32
-6.0 46 75
7.0 6 14 84
-7.0 41 51
-7.5 34 69
7.5 35 77
8.0 67
9.5 87
-10.0 18
10.5 93
-11.0 31
-12.5 42
-14.0 45
14.0 63
17.0 0
-18.0 68
-24.0 88
25.0 58
-26.0 44
-27.0 28
-27.5 56
28.5 9 49
-34.5 97
40.5 27
-41.0 62
46.5 86
48.5 50
49.5 74
-53.0 33
-57.5 21
-60.5 72
-66.0 23
69.5 65
78.0 25
77.5 95
0.5 4 61 64
-0.5 26
-1.0 3 60 91
1.0 16 54
-1.5 8 52 53
1.5 78
