0.0 4 15 39
-2.0 12 17 53 79 96
2.0 82
-2.5 7 40
2.5 10 57 89 98
-3.0 36 92
3.0 66 90
-3.5 5 55 83
3.5 43 47 84
4.0 19 24 29 38 94
-4.0 70 80
-4.5 1 59 76
4.5 22 48
-5.0 2 81 85
-5.5 11 34 46
6.0 32 99
6.5 67
7.0 6
-7.0 69
7.5 14 35
-7.5 41 51
-9.0 75
-9.5 31 42
9.5 87
-10.5 18
11.0 63
12.0 77
13.5 93
-15.0 45
16.5 0
-22.5 68
23.5 58
-25.5 88
-26.0 44
28.0 49
-29.0 28
30.0 9
-32.5 56
-33.0 97
-40.5 62
44.0 27
44.5 86
49.5 50
49.0 74
-54.0 33
-59.5 21
-61.0 72
-65.5 23
73.5 65
77.5 25
80.0 95
0.5 37 52 64 73
-1.0 13 30 60 91
1.0 16 54 61 71
-1.5 3 8 20 26
1.5 78
