-2.0 3 7 12 17 36 53 70
0.0 15 39 73
-2.5 1 40 92
2.5 52 57 66 89 98
3.0 10 84
-3.5 5 55
3.5 38 43 47 90
4.0 19 24 29 94
-4.0 34 80 83
4.5 22 48
-5.0 2 59 85
-5.5 46 76 81
-6.0 31 69
6.5 6 63
7.0 32 35 99
7.5 14
-7.5 41
-8.0 51
-8.5 42 75
-9.0 11
9.0 67
9.5 87
-10.5 18
12.5 0 93
13.0 77
-20.5 45
-23.0 68
24.5 58
-24.0 88
27.5 9
27.0 49
-29.5 28 44 97
-33.0 56
-41.5 62
43.0 27
46.0 86
50.5 50
51.0 74
-57.0 33
-59.0 21
-63.5 72
-66.0 23
72.0 65
79.5 95
81.5 25
0.5 13 37 61 64 96
-1.0 4 26 30 60 71 91
1.0 16 54 78
1.5 8 82
-1.5 20 79
