0.0 1 39 73
-2.0 17 20 34 92
-2.5 3 7 12 40
2.5 10 57 89 98
-3.0 26 71
3.0 47 66 96
-3.5 5 31 55
3.5 19 43 52 90
4.0 24 84 94
-4.0 80 83
4.5 22 29 48
-5.0 46 76 85
-5.5 2 42 59 69
5.5 63
-6.0 81
6.5 35
7.0 6
7.5 14 32 99
-7.5 41
8.0 67
-8.5 51
9.5 0 87 93
-10.0 11
-10.5 18
-11.5 75
13.0 77
-21.0 45
21.0 58
-22.0 88
25.5 49
-25.0 68
28.5 9
-29.0 97
-30.5 28
-31.5 56
-32.5 44
42.5 27
-42.0 62
48.5 74
48.0 86
51.5 50
-54.5 33
-60.0 21
-62.5 23
-63.5 72
68.5 65
78.0 25
79.0 95
0.5 15 64 82
1.0 8 16 37 70 78
-1.0 30 60 91
-1.5 4 36 53 79
1.5 13 38 54 61
