-2.0 4 12 17 26 40 53
0.0 15 34 39 73 82
2.0 38 54 66 89
2.5 1 10 13 57
-2.5 3 7 20
-3.0 5 31
3.0 19 43 90
3.5 47
-3.5 55
4.0 22 24 84 94
-4.0 80 83
4.5 29 70
-4.5 46 69
-5.0 2 42 71 76
5.0 48 52
5.5 35 96
-5.5 59 85
6.0 63
6.5 0
-6.5 81
7.0 6 14 99
-7.0 41
-8.0 11
8.0 32
-9.0 51
9.5 67 87
-10.5 18
-11.0 75
12.5 93
13.5 77
21.5 58
-21.5 88
-22.5 45
23.0 49
-25.0 97
26.0 9
-28.5 68
-32.0 28
-32.5 44
-33.0 56
-37.5 62
42.0 27
44.5 74
48.0 86
50.5 50
-58.0 21
-61.0 33
-62.5 72
-64.5 23
69.5 65
75.5 25
81.0 95
-0.5 8 30
0.5 37 64
1.0 16 61 78
-1.0 36 60 91
-1.5 79 92
1.5 98
