-2.0 7 17 40 53 79
0.0 12 15 39
2.0 34 38 78 98
2.5 10 54
-2.5 20
-3.0 3 4 11 26 55
3.0 13 19 43 57 66 89 90
-3.5 5 31 69
3.5 47
4.0 6 24 94
-4.0 80
4.5 22 35
-4.5 46 83 85
5.0 1 29 48
-5.0 2 76
-5.5 59
6.0 14 52 99
-6.0 41
6.5 0
-6.5 71 81
7.5 70
-8.0 42
8.0 96
8.5 32
-9.0 51 75
9.5 87
10.0 63
-10.5 18
12.5 93
13.0 77
17.5 67
-19.5 45
22.5 49
22.0 58
-22.5 97
24.5 9
-26.0 88
-30.0 68
-33.5 28
-33.0 44
-35.5 56
-36.5 62
43.0 27
44.0 74
48.5 86
-55.0 21
54.5 50
-60.5 72
-63.5 33
-65.5 23
71.5 65
78.5 25
82.5 95
-0.5 30 36 91
0.5 61 64 73
1.0 16 37
-1.0 60 82 92
-1.5 8
1.5 84
