-2.0 7 20
2.0 12 38
0.0 15 36 37 39
2.5 10 19 89
-2.5 17 40 69
-3.0 11 31
3.0 13 43 54 57 90
-3.5 3 4 5
3.5 24 34 98
4.0 0 35 47 94
-4.0 46 55 80
4.5 22 66 99
-4.5 41 83
-5.0 2 59 76 85
5.0 14 29 48
-6.0 42
6.0 52
-6.5 81
7.5 1
-8.0 75
8.5 6 32
-8.5 71
-9.0 51
9.0 70 87
9.5 96
-10.5 18
11.0 63
12.0 77
15.0 93
19.5 9
19.0 67
-20.0 45
-20.5 97
23.0 49
24.5 58
-27.0 68
-29.0 88
-31.5 44
-36.0 28
-37.0 62
39.5 27
-40.5 56
42.5 74
47.0 86
-57.0 21
56.5 50
-61.0 72
-62.5 33
-67.0 23
74.5 65
80.0 25
84.0 95
0.5 61 64 73
-0.5 91 92
1.0 8 16
-1.0 30 60 84
-1.5 26 53 79 82
1.5 78
