-2.0 7 20 53
2.0 12 19 38 89
0.0 15 37 39 73 92
-2.5 17 26 40 42 82
2.5 90
3.0 0 10 13 35 47 57 99
-3.0 41
-3.5 5 55
3.5 14 24 43 54
-4.0 3 46 80
4.0 94
-4.5 4 59 83 85
4.5 22 48 98
5.0 34
-5.5 2 76
5.5 29
-6.0 11
6.0 52
-6.5 81
8.5 87
9.0 32 63
-9.0 51 70
9.5 1 66
-9.5 71
10.5 6
-10.5 18
11.0 96
11.5 77
-12.5 75
14.5 9
17.5 93
-18.5 97
19.5 49 67
23.5 58
-24.5 45
-24.0 68
-29.0 88
-31.5 44
-36.5 28
38.5 27
-38.5 62
41.5 74
-44.5 56
-52.5 21
53.0 86
55.5 50
-61.5 72
-62.0 33
-65.0 23
73.5 65
82.0 25
84.0 95
0.5 8 64
-0.5 30 91
1.0 16 36 61
-1.0 31 60 84
-1.5 69 79
1.5 78
