2.0 12 19 35 38 98 99
0.0 15 30 39
-2.0 17 40 53
2.5 10 13 14 43 89 90
-2.5 20 42
3.0 47 57
-3.0 82
-3.5 5 11 46 55 59
3.5 24
-4.0 3 80 85
4.0 31 94
-4.5 2 83
4.5 8 22 48 54
-5.0 4 76 84
5.5 0 29 52
6.0 34
-6.0 81
8.0 63 87
-8.5 51
9.0 32 77
-10.0 18
10.5 1
-10.5 71
11.0 96
-11.5 75
12.5 66
13.0 6
-15.0 70
15.5 9 93
16.5 49
-19.5 97
21.0 67
23.5 58
-23.5 68
-28.5 45
-29.0 88
-35.0 44
36.0 27
-39.5 28
-38.5 62
40.0 74
-49.5 56
52.5 50
-54.5 21
55.5 86
-59.5 72
-61.5 33
-62.5 23
76.5 65
83.5 25
80.0 95
0.5 37 61 64 73 92
-0.5 69 91
1.0 16
-1.0 26
-1.5 7 41 60 79
1.5 36 78
