-2.0 7 17 20 40 79
2.0 12 31 36 90
0.0 15 39 73
2.5 10
-2.5 53
3.0 24 47 89
-3.0 46 59
-3.5 5 55
3.5 43 57
4.0 22 94
-4.0 80 82 85
-4.5 3 83
4.5 48
-5.0 2 11 76
5.0 8 52 54
-5.5 4 81
6.0 29
-6.0 42 84
6.5 0 34
7.0 63
7.5 87
-8.0 51
9.0 32 77
-10.0 18
-10.5 75
11.0 1 96
-11.0 71
12.5 6
13.5 93
16.0 9
17.5 49
18.0 66
-18.5 70
20.0 67
-22.0 68
-23.0 97
27.0 58
-29.5 88
-31.0 45
35.5 27
-34.0 44
-40.0 28
-42.5 62
43.5 74
-46.5 56
51.0 50
-53.5 21
-57.5 23
-56.5 72
56.0 86
-64.0 33
77.5 65
77.0 95
80.0 25
0.5 14 41 64 69 92
-0.5 30 98
1.0 16 26 35 37 61
-1.0 91
1.5 13 19 38 78 99
-1.5 60
