-2.0 12 41 54 80
0.0 16 29 35 40 74 91
2.5 5 20 38 90
-2.5 21
-3.0 1 2 8 48
3.0 57 65 98
-3.5 0 39 43 62 72 88
3.5 34 36 44 47
-4.0 23 53
4.0 96
4.5 11 22 33 42
-4.5 52
5.0 94 95 97
5.5 30 82
-5.5 46 77
6.0 15 60
-6.0 37
-6.5 86
7.0 79 87
-7.5 26
-8.0 6 70
8.5 84
-9.5 19
9.5 28
10.0 71
-10.5 14
-11.0 66
12.5 69
-14.5 9
-15.0 56
-16.0 68
-17.5 59
21.0 64
22.0 32 49
-24.5 83
25.0 4
25.5 51
26.5 85
26.0 99
-27.5 24
-29.0 17
-33.0 76
-35.5 73
-37.0 27
-41.0 89
45.0 10
49.0 50
-50.5 67
-58.5 45
60.0 75
65.5 7
-67.0 63
-0.5 31
1.0 3 25 58
-1.0 61 92 93
1.5 13 55 78 81
-1.5 18
