-2.0 7 40 79
2.0 12 36
0.0 15 30 35 37 39 73
-2.5 20
2.5 24 41
-3.0 11 46
3.0 47
-3.5 5 55 98
3.5 8 43 52 57
-4.0 80
4.0 94
-4.5 2 3 82 83 85
4.5 10 22 48
5.0 26
-5.0 76 81 84
5.5 54
-6.0 4
6.0 29
6.5 87
7.0 34
-7.5 51
8.5 0 77
9.0 32 63
-9.5 18
9.5 96
-10.0 42
10.5 1 93
-10.5 71
-11.0 75
11.5 9
13.5 6
-15.0 70
18.0 49
20.0 66
23.0 67
-24.5 68
-27.0 88
28.0 58
-29.0 97
-31.0 44
-33.5 45
36.0 27
40.5 74
-43.0 28
-42.0 62
-45.0 56
49.5 50
-52.5 21
-53.0 72
55.0 86
-57.0 23
-65.5 33
75.5 65
79.5 25
77.0 95
0.5 13 64 92
-0.5 14
1.0 16 61 69
-1.0 31 53 91
-1.5 17 59 60
1.5 19 38 78 89 90 99
