-2.0 7 14 17 31 60
0.0 11 15 30 37 39
2.0 12 52 69 89 99
-2.5 20 40 46
2.5 24 36
-3.5 5 55
3.5 43 47 57
4.0 41 94
-4.0 80 81
4.5 8 22 48
-4.5 83 85 98
-5.0 2 3 82
-5.5 76
6.0 29 54 87
-6.5 4 51
6.5 10 34
7.0 26
-7.5 84
-8.0 75
8.0 96
8.5 77 93
9.0 32
9.5 1
-9.5 18
10.0 63
-10.0 71
-11.0 42
11.5 9
-12.0 70
17.5 49
18.0 66
19.0 6
-24.0 68
25.5 67
27.0 58
-27.0 88
-28.5 97
-30.5 44
-32.0 45
35.5 27
38.0 74
-41.0 62
-43.0 28
-46.5 56
-47.0 72
48.5 50
52.5 86
-54.0 21
-58.5 23
-64.0 33
78.0 25 65
79.0 95
-0.5 13 59 91
0.5 64 73 92
1.0 16 38 61 90
-1.0 35
1.5 0 19 78
-1.5 53 79
