0.0 0 15 39
-2.0 13 17 60 79
2.0 24
-2.5 7 20 35 40 46
2.5 69 89
3.0 36 43
-3.0 55 81
-3.5 2 5 14
3.5 57 99
4.0 47 94
-4.0 75 80
4.5 22 48
-4.5 83
-5.0 3 84 98
5.0 8 87
-5.5 31 76 82 85
5.5 34 96
6.0 41
-6.0 51
6.5 10 29 54
-7.0 4
7.5 1
8.0 26
-8.5 71
-9.0 18
9.0 32
-9.5 42
9.5 93
10.5 63 77
12.5 9
-12.5 70
16.0 49
18.5 66
20.5 6
-22.0 68
23.0 67
25.5 58
-28.0 97
-31.5 45 88
36.5 27
-36.0 44
39.5 74
-41.0 62
-43.0 28
48.0 50
-48.0 56
-49.0 72
-53.0 21
52.5 86
-59.5 23
-65.5 33
76.0 25
78.5 65
82.0 95
0.5 37 61 64 73 90 92
-0.5 52 91
1.0 16 19 38 59
-1.0 30
-1.5 11 53
1.5 12 78
