2.0 3 5 13 98
0.0 16 29 35 40 49
-2.0 21 84
-2.5 8 12 36 41 48
2.5 58 90
-3.0 1
3.0 19 20 66
3.5 37 38 44 47 69
-3.5 86 93
-4.0 0 2
4.0 34
4.5 22 55 57
-4.5 23 53 82
-5.0 99
-5.5 26 70 77
5.5 71
6.0 11
7.5 88
-8.0 61 76
8.5 33
-9.0 46 52
10.0 97
-10.5 24
12.0 87
-13.0 14 17
-13.5 59
-16.0 28
17.0 94
19.0 10
-19.0 78 89
-23.0 9
-23.5 83
-26.5 27
-27.5 68
-32.0 42
34.0 32
-36.5 67
38.5 51
-46.0 73
46.5 85
-48.0 63
53.0 4
53.5 7 75
-56.0 45
70.5 50
0.5 6 30 43 65 74
-0.5 25 31 39 56 91 92
1.0 60 62 64 81
-1.5 15 18 54 80 95
1.5 72 79 96
