2.0 12
0.0 15 39 90
-2.0 46 81
-2.5 0 7 20 40 60
2.5 8 59 89
-3.0 17 31 55 75
3.0 36 43 47 69 96
-3.5 5 35
4.0 2 57 94
-4.0 13 80
-4.5 14 52 83 85
4.5 22 34 48 87
-5.0 51 76
5.0 99
5.5 1
-5.5 3
-6.0 82
6.5 10 29
7.0 54
-7.0 84
-7.5 4 42 71
7.5 41
-8.5 18 70
8.5 32
9.5 26
10.5 93
11.0 63
-11.0 98
12.5 9 77
17.5 66
18.0 67
19.5 49
-21.0 68
26.0 6
27.0 58
-29.5 97
-33.5 88
34.0 27
-34.0 45
-39.5 62
38.5 74
-41.0 44
-43.5 28
44.5 50
-45.5 56
-48.0 72
-53.5 21
53.5 86
-57.0 23
-66.0 33
74.5 25
79.0 65
83.5 95
-0.5 30 91
0.5 37 38 64 73 92
1.0 11 16 19
-1.0 79
1.5 24 61 78
-1.5 53
