-2.0 7 20 31 46 53
2.0 8 11 12 89
0.0 15 38 39
2.5 1
-2.5 17 40 60
3.0 34 43
3.5 2 36 47 69 87
-3.5 5 55
4.0 48 57 59 94
-4.0 51 80 83
-4.5 0 35 52 75 76
4.5 22
-5.0 85
-5.5 3 13 14 42 71
6.0 10 99
-6.0 82
6.5 29
7.0 54
7.5 93
-8.0 4
8.0 32
-8.5 18
9.0 41
-9.0 70
9.5 63
10.0 26
-10.0 84
-12.5 98
13.0 9
15.5 66 77
20.0 67
-20.5 68
23.0 49
28.5 6
28.0 58
31.5 27
-31.0 88
-33.5 28
-33.0 97
-34.0 45
38.0 74
41.5 50
-40.5 62
-42.0 56
-44.5 44
-48.5 72
-55.5 21
-55.0 23
56.5 86
-61.5 33
74.5 25
82.0 65
83.5 95
-0.5 30 90 91
0.5 37 61 64 73 92 96
1.0 16 19 24
-1.0 81
1.5 78
-1.5 79
