0.0 1 15 30 39 92
-2.0 7
2.0 12
-2.5 17 20 40 96
2.5 87 89
3.0 2 43 47
-3.0 51 60 75
3.5 36 69 94
-3.5 55 71
-4.0 0 5 80 83
4.0 11 22 48 57
-4.5 52 85
-5.0 35 76
-5.5 3
5.5 10 59
6.0 8 93
-6.0 14
6.5 29
-6.5 70 82
-7.0 13
7.0 99
-7.5 18
7.5 54
-8.0 4
8.0 32
-9.5 42
10.0 41 63
-10.0 84
10.5 26
11.5 9
-11.5 98
15.5 66
16.5 77
17.5 67
19.5 49
-19.5 68
27.0 27
28.0 6 58
-33.0 88 97
-36.5 45
37.5 74
-41.5 44
-40.5 56
43.0 50
-45.0 62
-46.5 72
53.5 86
-55.0 21
-54.5 23
-60.5 33
74.5 25
80.5 65
83.5 95
-0.5 28 38
0.5 37 61 64 73 81
1.0 16 19 24 34
-1.0 90 91
-1.5 31 46 53 79
1.5 78
