0.0 0 15 31 37 39 92
-2.0 1 7 17 79
2.0 2 12 87
-2.5 20 40 51 53
2.5 89
3.0 43 47
-3.0 55
-3.5 5 60 75 83
3.5 36 69
4.0 48 57 94
-4.0 80 85
4.5 10 22
-4.5 52 84 96
-5.0 70 76
-5.5 3
-6.0 35
-6.5 14 82
6.5 29
7.0 8 59 93
-7.0 18 42
7.5 32 54 99
-8.5 4 13
8.5 11
9.0 26
-9.0 98
10.5 41
11.0 9
12.5 63
14.0 66
15.0 67
-16.5 68
17.5 49
19.5 77
25.0 27 58
30.5 6
-30.0 97
33.0 74
-33.0 88
-38.5 56
-42.0 44
-42.5 45
42.5 50
-43.0 62
-47.5 72
52.0 86
-55.5 21
-54.0 23
-56.0 33
75.5 25
79.5 95
81.0 65
0.5 24 61 64 73
-0.5 28 34 91
1.0 16 19 78
-1.0 30 38
-1.5 46 71 90
1.5 81
