2.0 12
0.0 15 24 28 37 39 71 73
-2.0 17 20 79 90
-2.5 7 34 40
2.5 81
3.0 0 43 47 89
-3.0 75
-3.5 5 55 60 83 84
3.5 36 48 69
-4.0 1 52 80
4.0 8 10 57 94
4.5 22
-5.0 76 85
-5.5 3
-6.0 96
-6.5 14 18 70 82
6.5 29 32
-7.0 35
7.0 99
7.5 54
-8.0 42
8.0 59 93
-8.5 98
-9.0 4
9.5 26
10.0 11 66
-10.0 13
10.5 41
12.0 63
14.0 9
15.0 67
-16.0 68
21.5 49
21.0 58
25.0 77
26.5 27
-27.5 97
-30.0 88
-31.5 56
33.0 6
32.0 74
-39.5 45
41.5 50
-42.0 44
-43.5 72
-46.0 62
48.5 86
-52.0 23
-56.5 21
-56.0 33
77.5 25
82.0 95
86.0 65
0.5 64
-0.5 91 92
1.0 16 19 61 87
-1.0 30 46
1.5 2 31 78
-1.5 38 51 53
