-2.0 0 38
2.0 12
0.0 15 37 39 87
-2.5 17 20 40 75 90
2.5 89
3.0 10 36 43 47 69
-3.0 55
3.5 48 81 94
-3.5 83 84
-4.0 5 60 80
4.5 22 57
-4.5 34 52
-5.0 76 85
-5.5 1 3 42
5.5 31 99
-6.0 18 70
6.0 32
-6.5 14 82
6.5 29
-7.0 96
-7.5 35
7.5 54 66
8.0 11 93
-9.0 4 98
9.5 59
10.5 41 63
-11.0 13
12.0 26
14.0 9 67
16.0 58
-17.0 68
24.0 49
25.5 27
-26.5 97
27.0 77
-28.0 56
-28.5 88
30.5 6
31.0 74
-38.5 45
-41.5 44
-42.0 72
45.0 50
-46.0 62
-49.5 23
48.5 86
-58.5 21
-59.0 33
75.0 25
83.5 65
82.0 95
-0.5 24 28 30 79
0.5 61 64 73
1.0 2 8 16
-1.0 46 51 91 92
-1.5 7 53
1.5 19 71 78
