-2.0 7 20 40
2.0 12
0.0 15 39 51
2.5 10 43 69 89
-2.5 17 38
-3.0 0 83 90
3.0 36 47 48 71
-3.5 5 55 75
4.0 8 22 94 99
-4.0 52 80
-4.5 42 60 76 85
4.5 57 81
-5.5 3 18
5.5 32
-6.0 1 14
6.5 29
-6.5 34 82
7.0 54
-7.0 96
-8.0 35
8.5 11 66 93
-8.5 70
-9.0 4
10.0 41 63
10.5 59
-10.5 98
11.0 31
11.5 67
-12.0 13
12.0 26
-14.0 68
14.5 9
17.5 58
-23.0 88
-23.5 97
27.0 27
-27.0 56
28.5 6
29.5 49 74
29.0 77
-39.5 45
-42.5 62 72
43.5 86
-45.5 23
-44.0 44
48.5 50
-56.5 33
-62.5 21
74.0 25
78.5 95
83.0 65
0.5 2 37 61 64 73
-0.5 28 30
1.0 16
-1.0 24 46 87 91
1.5 19 78
-1.5 53 79 84 92
