-2.0 12 54 80
2.0 13 20 90
0.0 16 35 40 74 92
-2.5 1 8 21 41
2.5 47 87 94 97 98
3.0 11 38 57
-3.0 48
-3.5 0 2 37 39 43
3.5 4 42 44
4.0 34
-4.0 53 88
4.5 22 36 55
-4.5 23 72
-5.0 46
5.0 79 82 96
5.5 30
-5.5 52 77 86
6.0 15 33
7.0 60
-7.5 70
-8.0 26
8.5 84 95
-9.0 62
-9.5 19
-10.5 6
-11.5 14 66
12.0 71
13.5 69
14.0 28
-14.5 9
-17.0 59 68
-19.0 56
21.0 32
21.5 51
-21.5 83
22.0 49
23.5 85
27.5 99
-28.5 24
-31.5 76
-33.0 17
-34.0 73
-36.5 27
41.5 10
-45.0 89
51.0 50
-53.0 67
55.5 75
-60.0 45
63.0 7
-63.5 63
0.5 3 25 64 91
-0.5 29 31 58 93
-1.0 61 65
1.0 78
1.5 5 81
-1.5 18
