0.0 2 15 39 84
2.0 10 12 19 37
-2.0 20 40 92
-2.5 0 7 17 38 83
2.5 36 89 99
3.0 43 48
-3.0 55
-3.5 5 75 90
3.5 47 71
-4.0 52 80
4.0 94
4.5 8 22 32 57
-4.5 85
-5.0 14 18 60 76
5.0 81
-5.5 1 3
6.0 29
-6.0 42 82 96
7.0 54
-7.5 70
-8.0 34
-8.5 35
8.5 66 93
-9.0 4
9.0 41 63
9.5 67
10.0 11 26 31
11.0 59
-11.0 98
-12.5 13
-14.0 68
16.0 9
19.0 58
-23.0 88
-24.0 56
24.5 77
26.0 27
-26.0 97
30.5 74
32.0 6
33.5 49
39.5 86
-41.0 62
-41.5 72
-42.5 45
-44.0 23
-45.0 44
52.0 50
-55.5 33
-62.0 21
74.5 25
79.0 65
77.5 95
-0.5 28 30 46 69
0.5 51 64 73
1.0 16 61
-1.0 91
-1.5 24 53 79 87
1.5 78
