0.0 2 15 39 73
2.0 10 19 37
-2.0 17 24
-2.5 7 40 53 83 87 92
2.5 36 48 89
-3.0 0 20 38 55
3.0 26 47
3.5 43 71
-3.5 75
-4.0 5 14 80 90
4.0 32 94
-4.5 1 18 52 96
4.5 22 57
-5.0 60 76
-5.5 3 82 85
5.5 66
6.0 29 81
6.5 54
-6.5 70
7.5 8 41 63
8.0 67
-9.0 4 35 42 69
9.0 11
-9.5 34
10.0 31
-11.5 68 98
12.0 59
-13.0 13
13.0 93
17.5 9
19.0 58
-21.5 56
-22.5 88
23.5 77
25.5 27
-27.5 97
32.0 6
33.0 49 74
40.0 86
-43.0 23
-42.0 44
-44.0 45
-44.5 62
-45.0 72
-54.5 33
55.0 50
-65.0 21
75.0 25
76.0 65 95
-0.5 30 46 84 91
0.5 61 64
1.0 16 51
-1.0 28
1.5 12 78 99
-1.5 79
