0.0 3 15 39
2.0 10 12 36
-2.0 17 24 83
-2.5 14 20 40 96
2.5 19 48 67
-3.0 0 1 5 7 26 87 92
3.0 43 71 89
-3.5 18 38 55
3.5 32 47 94
4.0 22 66
-4.0 52 80 90
4.5 57
-4.5 85
-5.5 60 75 76 82
6.0 29 41 54
6.5 81
8.0 63
-8.0 70
-9.0 4 35 69
9.5 11
-9.5 68 98
10.0 8
-10.0 34
-11.0 42
11.5 31
12.0 59
-12.5 13
15.0 93
16.5 58
18.5 9
-18.0 56
-21.5 88
23.0 27 77
28.0 6
-31.5 97
33.0 49
37.0 74
39.0 86
-41.5 44 45
-43.0 23
-47.5 62
-47.0 72
-55.0 33
57.0 50
-62.5 21
71.0 65
73.5 25
75.5 95
-0.5 2 28 30 46 91
0.5 64 73
1.0 16 51 99
1.5 37 61 78
-1.5 53 79 84
