-2.0 7 20 40
2.0 10 12 48 71
0.0 15 28 39 84 96
-2.5 17 24
2.5 19 32 89
-3.0 0 18 55
-3.5 5 38 87 92
3.5 43 47
-4.0 52 80
4.0 63 94
4.5 3 22 41 57
-4.5 85 90
-5.0 26 82
5.5 54 66
-5.5 76
6.0 29
-6.0 60
-6.5 75
6.5 81
-7.5 98
-8.5 4 70
-9.0 35 69
10.0 8 11
-10.5 34 68
-11.5 42
12.0 59
-12.5 13
13.0 31 93
14.5 9
15.5 58
-16.0 56
22.0 27
23.0 77
-23.0 88
-31.0 97
32.5 6
33.0 49
35.0 86
-39.5 45
38.0 74
-41.5 23
-42.5 44
-43.0 72
-45.0 62
-57.5 21
-56.5 33
56.0 50
75.0 25
73.0 65
74.0 95
-0.5 1 2 30 46
0.5 61 64 73
-1.0 14 91
1.0 16 51
1.5 36 37 67 78 99
-1.5 53 79 83
