2.0 1 12 32 48 78
0.0 14 15 39 61
-2.0 17 20 26 53 79
-2.5 7 18 40 75
2.5 10 41 89 96 99
-3.0 0 24
3.0 19 43
-3.5 5 38 55
3.5 47
-4.0 52 80 92
4.0 84 94
4.5 3 22 54 57
-4.5 82 87 90
-5.0 76 85
5.5 29 66
-6.5 60
6.5 65 81
-7.5 70 98
8.0 8
-8.5 4
-9.0 35 68 69
-10.5 34
-11.5 13
12.0 59 93
13.0 11
-13.5 42
14.5 9 58
17.5 31
-17.0 56
22.5 77
-22.0 88
23.5 27
-29.5 97
30.0 6
35.0 49
34.0 86
36.5 74
-39.5 45 72
-40.0 23
-43.5 62
-44.5 44
51.5 50
-58.0 21
-59.0 33
71.5 95
77.5 25
-0.5 2 46 67 91
0.5 64 73
1.0 16 36 37 51 71
-1.0 28 30 83
-1.5 63
