-2.0 7 18 40 79
2.0 12 14
0.0 15 28 39 46
-2.5 0 17 20
2.5 89
3.0 10 43
-3.0 75
3.5 3 19 47 99
-3.5 5 24 38 55 82
-4.0 52 80
4.0 54 84 94
4.5 1 22 57
-4.5 85 92
-5.0 65 87 90
5.0 96
5.5 29 66
-5.5 76
-6.5 60
6.5 81
7.0 8
-7.0 98
-7.5 67 70
-8.0 4
-8.5 35 69
-10.0 34
-10.5 13
11.5 59
-11.5 68
-13.5 42 56
13.5 93
14.0 11
14.5 58
15.5 9
20.5 31
21.0 77
-23.0 88
24.5 6
25.0 27
-32.5 97
35.5 49
34.0 74
-36.0 72
37.0 86
-39.0 23
-43.5 44
-44.5 45
-45.0 62
50.5 50
-57.0 21
-58.5 33
72.0 95
78.0 25
-0.5 2 30 71
0.5 36 61 64 73
1.0 16 37 41 51 63
-1.0 26 83 91
1.5 32 48 78
-1.5 53
