0.0 2 15 39
2.0 12
-2.0 20 65
-2.5 0 7 17 40 71
2.5 89
3.0 14 43 47
-3.0 55 82
3.5 19 54 66
-3.5 24 26 38
-4.0 5 52 75 80 85
4.0 10 94
4.5 22 57
-4.5 76
5.0 29 84
-5.0 90 92 98
-5.5 87
5.5 99
6.0 8
6.5 58 81
7.0 1
-7.0 60
-7.5 4
7.5 96
-8.0 68
-8.5 35 69
-9.5 13 34
11.0 59
-11.5 70
13.0 9
-13.0 67
-13.5 56
14.5 93
16.5 11
-16.0 42
22.5 6 31
23.0 77
-25.0 88
26.5 27
31.5 74
-32.5 97
34.0 49
-34.5 72
38.5 86
-40.5 23
-46.0 62
-48.0 44 45
50.5 50
-55.5 21
-58.0 33
71.0 95
74.5 25
0.5 3 51 61 64 73
-0.5 28 36 63 79 83
1.0 16 32 37 48
-1.0 30 41 91
-1.5 18 46 53
1.5 78
