0.0 2 15 30 39 51 58 83
-2.0 7 26 53
2.0 12 89
-2.5 0 17 20 40 82
3.0 8 43 54
-3.0 41 55
-3.5 5 38
3.5 47
4.0 19 94
-4.0 24 80
4.5 10 14 22
-4.5 52 71
5.0 29 57 84
-5.0 85 90
-5.5 68 76 92
6.0 81
-6.0 87
6.5 99
-7.0 4
7.0 66
-7.5 60 98
-8.0 13 34 35 75
-8.5 69
9.0 1
9.5 96
10.0 59
10.5 9
-12.0 56
-13.5 70
-14.5 67
14.5 93
15.5 11
-15.5 42
18.5 77
19.0 6
20.5 31
24.5 27
-27.0 88
29.5 74
-33.5 72
-32.0 97
34.5 49
-36.5 23
38.0 86
47.5 50
-48.0 44 45
-48.5 62
-56.5 21
-60.5 33
72.5 95
76.5 25
0.5 28 32 37 61 64 65 73
-0.5 79 91
1.0 16 46 48 63
-1.0 18 36
-1.5 3
1.5 78
