0.0 15 28 32 39 73
-2.0 20 40 53
2.0 46
-2.5 0 7 17 79
2.5 54 89
3.0 8 43 65
-3.0 58
-3.5 5 38
3.5 66
4.0 19 47 84 94
-4.0 24 55 80
4.5 22 29
-4.5 41 52
5.0 10 57 81
-5.0 76 90
5.5 14
-5.5 85
-6.0 68 87 92
-6.5 13 34 71
-7.0 4 75
7.0 99
-7.5 35 60
-8.5 69
9.0 59
-10.0 98
10.5 1 96
11.5 9
12.0 93
13.5 11
-14.0 56 67
14.5 6
-14.5 70
17.0 31
18.5 77
-22.0 42
24.0 27
-26.0 88
-27.5 97
29.5 74
-32.5 72
-35.0 23
37.0 49
43.0 86
44.0 50
-46.5 44
-47.0 45
-48.0 62
-58.0 21
-62.5 33
74.5 95
76.0 25
0.5 2 37 48 61 64 83
-0.5 3 18 26 30 91
1.0 16
-1.0 51
1.5 12 63 78
-1.5 36 82
