-2.0 7 20 36
2.0 12 54
0.0 15 18 30 39 48 66
-2.5 40
2.5 89
-3.0 0 26 38
3.0 43 47
-3.5 5 55
4.0 8 22 94
-4.0 80
-4.5 13 24 34 52 85
4.5 19 29 81
5.0 57 65
-5.0 75 90
-5.5 68 76
5.5 93
-6.0 4 41
6.0 10
6.5 14
-6.5 35 87 92
7.0 99
8.0 59
-8.0 60 71 98
-8.5 69
8.5 84
-9.5 45
11.0 1 96
11.5 6
13.0 11
13.5 9
-13.5 56 67
16.5 31
-16.0 70
22.5 77
-24.0 42
25.5 27
-26.5 88
-26.0 97
33.5 74
-34.0 23
-34.5 72
37.0 49
40.5 50
44.5 86
-47.0 44
-47.5 62
-56.5 21
-63.5 33
74.5 95
76.0 25
-0.5 28 32 63 91
0.5 37 46 61 64 73
1.0 2 16 83
-1.0 3 82
-1.5 17 51 53 58 79
1.5 78
