0.0 3 16 25 29 35 40 93 97
-2.0 12 21 41
2.0 20 90 94
-2.5 1 8 58
2.5 98
3.0 11 38 44 57
-3.5 0 39 48
3.5 34 47
-4.0 2 43
4.0 82
4.5 22 79
-4.5 23 46 53 65 88
5.0 36 42 55
-5.0 72 77
5.5 30 96
6.0 15 87
-6.0 52
7.0 33 60
-7.0 86
-7.5 26 70
8.0 71
8.5 84
-10.0 19
10.0 95
-10.5 62
-11.0 6
-11.5 66
-12.0 14
12.0 69
-14.0 59
-16.0 56
-17.5 9
18.0 49
-18.0 68
20.0 28
-20.0 83
21.5 51 85
22.0 32
-25.0 24
28.5 99
-30.0 27
-31.5 73
-33.5 17
-33.0 76
41.0 10
-43.5 89
50.0 75
52.5 50
-52.5 67
63.0 7
-63.0 45
-65.0 63
-0.5 31
0.5 37 64 74
-1.0 4 61 92
1.0 5 91
1.5 13 78 81
-1.5 18 54 80
