-2.0 7 20 40
2.0 12 89
0.0 15 39 48 82
-2.5 0 17 36 51 75
2.5 93
-3.0 13 34 38
3.0 43
-3.5 5 55
3.5 47 81 94
4.0 29
-4.0 80
4.5 22
-4.5 24 52 76 85
5.0 19 57
-5.0 26 68 90
-5.5 66
-6.0 4 35
6.0 8
6.5 10 59 65 99
-6.5 41 87 98
7.0 14
-7.0 92
-8.0 60 69
-9.5 45 71
10.5 1
11.0 96
12.5 6
13.5 31
-14.0 56 67
14.5 84
16.0 11
-17.0 70
19.0 9
-22.5 42
23.0 77
-25.5 88
27.0 27
-27.0 97
35.0 74
-37.0 23
38.5 49
-38.0 72
40.0 50
45.5 86
-47.0 44
-49.0 62
-55.0 21
-61.0 33
78.0 25
76.5 95
-0.5 3 30 32
0.5 18 37 61 64 73
1.0 16 58
-1.0 28 79 91
1.5 2 54 78 83
-1.5 46 53 63
