2.0 2 12 83
0.0 15 39 58 73
-2.0 17 20 53 79
-2.5 7 38 40
2.5 43 81
-3.0 0 51
3.0 89
-3.5 5 36 55 63 66
4.0 29 47 94
-4.0 52 80
4.5 22 93
-4.5 90 98
-5.0 4 24 35 75 76 85
5.0 19 57 59
5.5 99
6.0 8
6.5 10 65
-6.5 87
-7.0 68 92
7.5 14
-7.5 26 41
-8.0 46 69
-8.5 60
9.5 1
-9.5 45
10.0 96
-10.5 71
-12.5 56
-14.0 67 70
16.0 6 31
18.0 84
19.0 11
20.0 9
24.5 77
-25.5 42
-25.0 88
30.0 27
-31.0 97
35.5 50
-37.5 23
-39.0 72
39.0 74
-41.0 44
42.5 49
49.0 86
-50.5 62
-54.5 21
-60.5 33
74.5 95
80.0 25
-0.5 30 32 34 48 91
0.5 37 64 82
1.0 16 18 54 61
-1.0 28
-1.5 3 13
1.5 78
