2.0 12
0.0 13 15 39 73 98
-2.0 20 38 40 53 63 79
-2.5 0 7 17
2.5 2 83 89
3.0 43
-3.5 5 55 66
3.5 8 29 47 59 94
-4.0 3 35 36 51 52 80 90
4.0 99
-4.5 4 46
4.5 22
5.0 19 57 93
-5.0 24 68 76 85
6.0 65
6.5 10
-6.5 87
7.5 14
-7.5 26 69 92
8.0 1 96
-8.0 41
-8.5 60
-9.5 45
-11.0 56 71
-11.5 70
-12.0 42
-14.0 97
14.5 84
-15.0 67
17.0 31
18.5 6
20.5 11
21.0 9
24.0 77
26.0 27
-28.0 88
-33.0 23
33.5 50
-41.0 44 72
40.5 49
45.0 74
-52.5 21
-52.0 62
52.0 86
-61.0 33
73.5 95
76.0 25
0.5 37 61 64
-0.5 91
1.0 16 34 54
-1.0 28 30 32 48
1.5 18 78 81 82
-1.5 58 75
