-2.0 0 17 20 40 63
2.0 12 18 82 89
0.0 15 39 42
-2.5 7 66
2.5 59 75 99
3.0 29 34 43 47 83 97
-3.0 35
3.5 2 8
-3.5 5 55
-4.0 4 80 90
4.0 94
4.5 22 65
-4.5 26 36 52 85
-5.0 24 46 51
5.0 57 93
5.5 1 19
-5.5 76
6.0 96
-6.5 3 87
6.5 10
7.0 14
-7.5 41 69 92
-8.0 56
-9.0 60
-9.5 45
-10.5 71
-11.0 70
11.0 84
15.5 31
18.0 6 11
-18.0 67
19.0 77
20.0 9
23.5 27
32.5 50
-35.0 23
-34.0 88
37.5 49
-42.5 44
-43.5 72
43.5 74
-50.5 62
-52.5 21
54.0 86
-61.0 33
73.0 95
76.5 25
-0.5 28 30 91
0.5 37 61 64 73 81
1.0 13 16 54
-1.0 32 58 68
-1.5 38 48 53 79 98
1.5 78
