-2.0 7 20 35 48
2.0 12 13 18 58 65 93
0.0 15 28 30 39 42 61
-2.5 0 17 40
2.5 89
3.0 1 29 82 97
-3.0 4 63
-3.5 5 55 90 98
3.5 43 47 83 96
4.0 2 75 94
-4.0 80
4.5 22 34 57
-4.5 52 85
-5.0 24 36
5.0 68
-5.5 3 66 76
5.5 19
6.0 10
-6.0 51 87
6.5 14
-7.0 26 41 69
-7.5 46 92
-9.0 60
-9.5 45
-10.0 56 71
-11.0 70
12.0 84
14.5 31
15.0 11
15.5 77
20.0 9
22.5 6
-23.5 67
26.0 27
32.0 50
-34.0 88
-38.0 23
38.0 49
42.0 74
-44.0 72
-48.0 44
-48.5 62
-54.0 21
54.0 86
-59.5 33
77.5 95
80.5 25
-0.5 32
0.5 54 64 73
1.0 16 37 59
-1.0 38 81
1.5 8 78 99
-1.5 53 79 91
