2.0 12 89
0.0 15 39 42 73
-2.0 81
-2.5 0 4 7 40 48
2.5 13 18 29 97
3.0 47
-3.0 55 90
-3.5 5
3.5 43 58 82 94
4.0 83
4.5 2 22 57
-4.5 52
-5.0 24 36 41 76 85
5.5 10 14 19 34
-5.5 63
-6.0 87
-6.5 51
-7.0 69
-7.5 3 92
8.0 68
-8.5 56
8.5 75
-9.0 45 60 66 71
-10.0 46
10.0 84
11.0 11
-11.0 26
-12.0 70
14.0 31
14.5 9
15.0 77
21.5 6
-24.5 67
31.5 27
32.5 50
-32.5 88
37.5 49
-38.5 23
41.0 74
-45.0 44
-44.5 62
-47.0 72
52.5 86
-57.0 21
-58.5 33
79.5 95
83.0 25
0.5 1 64 96
-0.5 28 32 38 59 65
1.0 8 16 37 54 61 80 93 99
-1.0 30 35 91
-1.5 17 20 53 79 98
1.5 78
