-2.0 1 4 7 17 59 79 96
0.0 15 32 35 38 39 73
2.0 89
-2.5 0 20 40 48 90
2.5 18 29 80
3.0 13 43
-3.0 55 65 81
-3.5 5
3.5 47 97
4.0 82 83 94
4.5 14 22 57 93
-4.5 52 85
5.0 2 10 58
-5.0 3 24 76
5.5 19
-5.5 36 87
6.5 34 68 75
-6.5 63 69
-7.0 56 92
-7.5 51 71
-9.0 45 60
9.0 84
10.0 9
-10.5 46
-11.0 26
11.5 11
-11.5 66
13.0 77
13.5 31
-15.0 70
21.0 6
-24.5 67
-31.0 88
32.0 50
-35.5 23
34.0 27
39.5 49 74
-43.0 44
-44.0 62
-51.0 72
53.0 86
-57.5 21
-58.0 33
78.5 95
82.5 25
-0.5 30 41 42 91
0.5 64
1.0 16 37 54 61 78
-1.0 28 53
1.5 8 12 98 99
