2.0 12 29 89
0.0 15 39
-2.0 20 40 90
-2.5 0 7 78
2.5 47 80 99
3.0 13 14 18 41 97
-3.0 48 59
3.5 8 43 93
-3.5 55
-4.0 1 5 81 96
4.0 94
4.5 10 22 57 82 83
-4.5 24 52 76
-5.0 56 85 87
5.5 19
-5.5 36 65 71
6.0 2 58
-6.0 3
6.5 34
-6.5 69
7.0 68
-7.0 92
-7.5 63
-8.0 51
-9.0 45 60
10.0 31
-11.0 26
12.0 9
-12.5 66
12.5 75 77
-13.5 46 70
13.5 84
14.5 11
21.0 6
-24.0 23
-26.0 67
-27.5 33
-30.5 88
34.0 27
37.5 49 50
38.0 74
-44.0 44
-45.0 62
50.5 86
-55.5 72
-61.0 21
78.5 25
79.5 95
-0.5 28 30 42
0.5 32 38 61 64 73 98
-1.0 4 91
1.0 16 35
-1.5 17 53 79
1.5 37 54
