-2.0 7 20 53
2.0 8 12 29 54
0.0 39 73
-2.5 0 40
2.5 13 35 80 89 97
3.0 18
-3.0 55 56 78
-3.5 5 48 71
3.5 10 33 43 94
4.0 47 93 99
-4.0 59
4.5 22 57
-4.5 24 52 87
-5.0 23 63 81 85
5.0 82 83
-5.5 1
5.5 19
-6.0 36 69 76 96
6.5 2 31 34
-6.5 92
-7.0 65
-8.0 3
8.0 58
-8.5 51
9.0 11
-9.0 45 60
11.0 68
-11.0 70
11.5 9
-14.5 26
15.0 84
15.5 77
-16.0 66
-17.0 46
19.5 6 75
-26.0 67
-31.0 88
35.5 27
34.0 49
37.0 50
38.0 74
-41.5 44
-45.0 62
51.5 86
-55.5 72
-63.0 21
77.5 25
79.5 95
-0.5 4 42 91
0.5 15 38 64 98
1.0 16 32 61
-1.0 28 30 79
1.5 14 37 41
-1.5 17 90
