2.0 12 13 37 54 89
0.0 14 15 39 73 79 93
-2.0 17 20 53 71
-2.5 0 40 56 78
2.5 80
-3.0 7
3.0 10 18 35 97
-3.5 5 55 87 98
3.5 33 43 47 57
4.0 8 94
-4.0 48 52
4.5 22
-4.5 24 59 85
5.0 11
-5.0 76
5.5 19 82 83 99
-5.5 69 81
-6.0 1 36
6.0 34
-6.5 3 92 96
7.0 2
-7.0 23
-7.5 63
8.0 31
-8.0 65
-8.5 45 70
-9.0 51 60
10.0 58
12.0 68
-12.5 26
13.5 9
-14.0 46
15.0 77
16.0 84
-18.5 66
19.5 75
-24.0 67
25.0 6
-28.0 88
35.0 27
34.5 49
36.0 50
-40.0 44
40.0 74
-43.5 62
52.5 86
-56.5 72
-63.0 21
78.0 25
79.0 95
0.5 4 41 64
-0.5 28
1.0 16 38 61
-1.0 30 42 90 91
1.5 29 32
