0.0 3 16 35 40 74 93
-2.0 8 12 54
2.0 13 90
-2.5 4 21 41 97
2.5 78
-3.0 1 48
3.0 11 57 82
-3.5 0 39 80
3.5 34 38 44 47 69 98
4.0 22 71
-4.0 43
-4.5 2 23 46 53 58 77
5.0 79
-5.0 88
-5.5 72
6.0 15 30 36
-6.5 26 65
6.5 96
-7.0 52 70
7.0 55
7.5 60
8.5 33 42 84
-8.5 86
-10.0 19
-11.5 62
-12.0 66
12.0 95
-12.5 14
-13.0 59
13.0 87
-13.5 6
-16.0 56
17.0 49
-17.0 83
-18.5 68
19.5 28
-20.5 9
21.0 32 85
-23.5 24
23.5 51
-29.5 73
-30.5 27 76
31.5 99
-32.0 17
-40.5 89
46.0 10
51.0 50
50.5 75
-53.5 67
-62.0 45
66.0 7
-66.5 63
0.5 5 37 64
-0.5 25 29 31 92
-1.0 18 61
1.5 20 81 91 94
