2.0 12 32 37 97
0.0 15 39 41 71 73 93
-2.0 17 20
-2.5 0 7 40 78
2.5 10 80 89
3.0 18 43 54
-3.0 55 87
-3.5 5 98
3.5 33 47
-4.0 24
4.0 35 94
4.5 22
-4.5 48 52 57
5.0 11 34
-5.0 85
-5.5 3 59 69 76
5.5 19 82
-6.0 1 36 81 92
6.0 83
6.5 8
-7.0 96
7.0 99
7.5 2 31
-7.5 65
-8.5 45 63
-9.0 23 51 60
9.5 68
-11.0 26
-11.5 70
13.0 58
14.5 77
-16.0 46
-17.0 66
18.0 84
-19.0 67
19.5 75
20.5 9
-24.5 88
28.5 6
31.5 49
35.0 27
39.5 50
-41.5 62
40.0 74
-42.0 44
53.5 86
-54.0 72
-63.5 21
77.5 25
78.5 95
-0.5 28 56 90
0.5 61 64
1.0 4 13 16 29
-1.0 30 42 91
-1.5 14 53 79
1.5 38
