0.0 3 13 15 39 90
2.0 4 10 80
-2.0 20 53
-2.5 7 14 17 40 41 57 78 87
2.5 32 37 89
-3.0 0
3.0 18 97
-3.5 5 55
3.5 11 33 34 43 47 54 94
-4.0 24 52
4.5 8 22
-4.5 48
-5.0 1 69 76 85
5.0 19 35
-5.5 59 92
5.5 68 82
-6.0 36 96
6.0 83
-6.5 23 65 81
6.5 31
7.5 2 99
-8.5 45
-9.0 51 60
-9.5 26
-10.0 63
-11.0 70
12.5 77
13.0 58
-17.5 46 67
-19.0 66
19.5 75
21.5 84
-24.0 88
25.0 9
29.0 6
36.0 49
39.5 27
38.0 74
43.0 50
-43.5 62
-46.5 44
-53.0 72
53.5 86
-64.0 21
76.0 25
79.0 95
-0.5 28 30 56 98
0.5 64 73
1.0 16 29 61
-1.0 93
1.5 12 38 71
-1.5 42 79 91
