2.0 10 12 34 38 80
0.0 15 39
-2.0 20 93
2.5 4 8 37 89
-2.5 7 17 40 78
-3.0 0 1
3.0 18 43 68 71 97
3.5 3 32 33 47
-3.5 5 23 24 55
-4.0 14 65
4.0 54 94
4.5 22
-4.5 41 52 69
5.0 19
-5.0 48 76 92 96
-5.5 59 85
6.0 35 82
-6.0 36
-6.5 81
6.5 83
7.0 99
7.5 31
8.0 2
-8.0 45
-8.5 60
-9.0 51 70
-10.0 26
11.0 77
12.0 58
-14.0 63
-14.5 46
-19.5 67
20.5 75
-23.0 66
-23.5 88
24.5 84
26.0 9
30.5 6
38.0 27
39.0 74
41.5 49
42.5 50
-42.0 62
-45.5 44
-51.0 72
54.5 86
-63.5 21
77.0 25
83.0 95
-0.5 28
0.5 64 73 90
1.0 11 16 29 61
-1.0 30 57 91 98
-1.5 13 42 53 79 87
1.5 56
