2.0 10 12 38 80
-2.0 11 40 42 53 93
0.0 15 30 34 39
-2.5 0 20 78
2.5 18 89 97
3.0 4 8 37
-3.0 13 24 96
-3.5 5 55
3.5 33 43 47 56 71 94
4.0 22
-4.0 69
4.5 3 31 54 68
-4.5 23 41 52 92
-5.0 14 85
5.0 19
-5.5 36 48 59 76
6.0 82 99
6.5 35
-6.5 81
7.0 83
8.0 2
-8.0 45
-8.5 51 60
-9.5 70
-10.0 26
10.0 77
13.0 58
-15.5 63
-17.5 46
-21.0 67
-23.0 66 88
25.5 75
25.0 84
28.0 9
30.0 6
37.5 27
38.0 74
-40.0 62
-44.0 44
45.0 49
44.0 50
51.0 86
-52.5 72
-60.5 21
78.5 25
81.5 95
-0.5 28 87 91
0.5 29 32 61 64 73 98
-1.0 1 79
1.0 16 57 90
-1.5 7 17 65
