-2.0 7 20 34 40 42 53 79
0.0 15 39 73
2.0 38 57 80
2.5 10 18
-2.5 17 78
-3.0 0 24 55
3.0 37
3.5 4 31 33 43 71 89 97
-3.5 98
-4.0 5 69 92
4.0 47 56 94
-4.5 13 41 52 76
4.5 19 22
-5.0 11 59 85
5.0 54 68 99
-5.5 36 93
5.5 82
-6.0 14 48
-6.5 23 81
7.0 35 83
-7.5 45
7.5 77
8.0 2
-8.0 51
-8.5 60
-9.5 26
-12.0 70
-12.5 63
17.0 58
-22.5 46 66
-24.0 67 88
25.5 84
27.0 9
27.5 75
32.0 6
37.0 27
37.5 74
-39.0 62
41.0 50
-45.0 44
46.5 86
49.0 49
-49.5 72
-56.0 21
77.0 25
76.0 95
-0.5 28 30 32 96
0.5 29 61 64 87
1.0 16 65
-1.0 91
1.5 1 3 8 12 90
