2.0 8 12 38 80 90 96
0.0 15 39 73
-2.0 17 42
-2.5 0 7 20 24 40 78
2.5 3 10 18 89
-3.0 55
3.0 57 71 97
-3.5 5 69 92
3.5 33 37 43 47 65 99
4.0 1 19 94
-4.0 34 52
4.5 4 22
-4.5 41 59 76 85
-5.0 23 36
5.5 54 56 82
6.0 68
-6.0 81 98
-6.5 11 13 14 48
6.5 31
7.5 35 77 83
-7.5 45 51
8.0 2
-8.0 60
-8.5 93
-11.0 26 70
-15.0 63
15.5 58
-21.5 46
22.5 75
-23.0 88
24.5 9
-24.0 67
-26.0 66
26.0 84
32.0 6
37.5 27
36.5 74
38.0 50
-38.5 62
-42.5 44
-47.0 72
46.5 86
49.5 49
-55.5 21
70.0 95
75.0 25
-0.5 28 30
0.5 29 32 61 64
1.0 16 87
-1.0 79 91
-1.5 53
