-2.0 7 17 20 24
2.0 12 18 32 38 80 87 99
0.0 15 39 41 73
-2.5 0 40 42 78 92
2.5 71 89 90
3.0 57 97
-3.0 69
3.5 8 10 37 43 47 94
-3.5 55 59
-4.0 5
4.0 19 33
4.5 3 22
-4.5 23 36 52
5.0 4 82 96
-5.0 85
5.5 31 56 65 77
-5.5 34 76 81
6.5 1 54
-6.5 14 48
-7.0 11 45 51
7.5 2 35 83
-8.0 13 60 93
-8.5 98
9.0 68
-11.5 70
-12.0 26
-17.0 46
20.0 58
-20.0 63
-22.0 88
23.5 9
-24.5 66
24.5 75 84
-29.0 67
31.5 6
31.0 74
37.0 27
38.5 50
-40.5 62
-43.0 44
-45.0 72
46.0 86
49.0 49
-55.0 21
70.0 95
72.5 25
-0.5 28
0.5 29 64
1.0 16 61
-1.0 30
-1.5 53 79 91
