0.0 15 28 29 30 39 73
-2.0 17 92
2.0 38 80
-2.5 7 20 40 42 59 69 78 79
2.5 57 89 90
-3.0 0
3.0 32 43 87 97
-3.5 5 55
3.5 19 33 47 94
4.0 10 37
-4.0 36
4.5 22 31 56 77
-4.5 52
5.0 3 82
-5.0 23 76 81
5.5 4
-5.5 85
6.0 8
-6.5 14 45 51 93
6.5 54 65
-7.0 48
7.0 96
7.5 2
-7.5 34 60
8.0 35 83
8.5 1
-9.0 98
-9.5 13
-10.0 11
10.5 68
-11.0 70
-13.5 26
-15.5 46
-17.0 63
-20.0 88
-21.5 66
22.5 58
-24.0 67
25.5 75
27.5 84
29.0 9 74
31.5 6
38.0 27
38.5 50
-40.0 62
-42.5 44
45.0 86
47.5 49
-48.0 72
-53.5 21
71.5 95
74.0 25
0.5 64
-0.5 91
1.0 16 41 61 71
1.5 12 18 99
-1.5 24 53
