0.0 15 29 39 73
2.0 57 89
-2.0 69 79 98
-2.5 7 17 20 40 78
2.5 97
-3.0 0 42 55
3.0 19 90
-3.5 5 36
3.5 43 47 87
4.0 33 37 77 94
-4.0 52 81
4.5 3 22 32 82
5.0 10 31
-5.0 76 85
-5.5 51 93
6.0 4
-6.0 14
-6.5 45
6.5 65
7.0 2 8 54
-7.5 48 60
-8.0 23
8.0 35 83
-9.0 34
9.0 96
10.0 1 68
-10.5 13
-11.0 70
-12.5 63
-13.0 11
-15.5 26
-16.0 46
-19.5 88
-21.5 66
-21.0 67
22.0 58
23.5 75
26.5 9
27.5 84
28.0 74
30.5 6
35.5 50
39.5 27
-43.5 44
-43.0 62
45.5 86
47.0 49
-48.0 72
-53.0 21
68.5 95
74.0 25
-0.5 28 30 71
0.5 41 64
1.0 16 56 61 99
-1.0 24 59 91
1.5 12 18 38 80
-1.5 53 92
