-2.0 7 20 53 56 69 79
2.0 12 41 99
0.0 15 28 29 39 59
-2.5 0 17 40 71 78
2.5 47 89
3.0 19 43 90 97
-3.0 36 42 55 81
-3.5 5
4.0 33 82 94
-4.0 52 93
4.5 22 37 77 87
-4.5 51
-5.0 76 85
5.5 10 65
-5.5 14
6.0 32
-6.0 45
6.5 2 3 4 8
-7.0 60
7.5 54
8.0 35
-8.0 48
8.5 83
-10.0 34
10.5 96
11.0 1 68
-11.5 13 23 63 70
-12.5 11
-17.5 46
-18.5 26
-19.5 67
20.5 9 58
-21.0 88
-22.5 66
25.0 75
28.0 6
28.5 84
30.5 74
31.0 50
40.0 27
-43.0 44
42.0 86
44.5 49
-45.0 62
-46.0 72
-52.5 21
65.5 95
78.5 25
-0.5 24 30 91
0.5 57 61 64 73
1.0 16 18 38
-1.0 92 98
1.5 31 80
