-2.0 8 12 41
0.0 16 29 35 40
2.0 78 82 91
-2.5 1 21 94
2.5 11 57 90 98
-3.0 48
3.5 34 38 44
-3.5 39
-4.0 0 23 43 46 53 80
4.0 47 69
4.5 22
-4.5 77
-5.0 26 72 97
5.0 71
-5.5 2 88
6.0 15 30
6.5 36 96
-6.5 58 65
-7.0 70
7.0 79
-7.5 52 86
7.5 60
8.5 84
9.5 33
-10.5 19
10.5 42
11.0 55
-11.5 59 62
11.5 87
-12.5 6 66
12.5 49 95
-13.0 14
-13.5 56
-17.0 83
19.5 28 85
-19.0 68
20.5 32
-23.0 9
24.0 51
-25.0 24
-27.0 76
-30.0 27
-31.5 17 73
31.5 99
-38.5 89
46.0 10
47.0 75
52.0 50
-55.5 67
67.0 7
-64.5 45
-68.0 63
-0.5 3 5 25 31 92
0.5 4 37 64 74 93
-1.0 18
1.0 81
1.5 13 20
-1.5 54 61
