0.0 15 24 28 29 39 73
-2.0 17 20 53 81 93
-2.5 0 7 36 40 78
2.5 19 77 89
3.0 31 90 97 99
-3.0 47
-3.5 5 42 51 55
3.5 33 43 82
-4.0 52
4.0 65 94
-4.5 14 71
4.5 22 37
5.0 3 8
-5.0 76
-5.5 45 85
5.5 87
6.0 2 10
6.5 4
-6.5 60
7.0 32
7.5 35 54
-8.0 48
8.5 83
-10.0 70
-10.5 11 34 63
11.0 1 68 96
-12.5 13
-13.0 23
-13.5 26
16.5 58
-16.5 67
-17.5 46
-19.5 88
22.5 9
-23.0 66
23.5 75
25.5 50
27.5 6
31.5 74 84
37.5 27 86
-45.0 44
45.5 49
-46.0 72
-48.0 62
-51.5 21
67.5 95
79.5 25
0.5 18 56 64
-0.5 30 92
1.0 16 38 61
-1.0 57 91
1.5 12 41 59 80
-1.5 69 79 98
