-2.0 7 36 53
0.0 15 18 29 30 39 93
2.0 19
-2.5 0 20 40 51 78
2.5 89 97
-3.0 5 47 57
3.0 43 59 82 90
-3.5 14 42 55
3.5 31 33
4.0 22 94
4.5 37 99
-4.5 52 98
-5.0 85
5.5 2 3
-5.5 45 76
6.0 87
6.5 10
-6.5 60 70 71
7.0 4 77
7.5 35 54
-8.5 11 48
8.5 32 83
10.0 1
-10.0 23
-10.5 63
-11.0 34
11.0 96
-13.0 13
-13.5 67
-14.0 26
14.0 68
15.5 9
17.5 58
-19.5 46
-21.0 88
-22.0 66
23.0 50
25.0 75
28.5 6
31.5 74
33.5 84 86
34.0 27
-43.0 44
47.0 49
-47.0 72
-49.0 21
-51.0 62
66.5 95
79.0 25
0.5 24 38 61 64 73
-0.5 91 92
1.0 8 16 56
-1.0 69 79 81
1.5 12 41 65 80
-1.5 17 28
