2.0 8 19 82 89
-2.0 14 40 51
0.0 15 30 38 39 81 92
-2.5 0 7 20 56 78
3.0 43 97
-3.0 47
-3.5 5 42 55
3.5 33 90
4.0 3 94
4.5 22 37 59 93
-4.5 52
5.0 2
-5.0 45 57
-5.5 76 85
6.0 31 99
-6.0 60 70
6.5 10 35
7.0 4 77 87
-7.0 23 98
-7.5 11
7.5 54
8.0 1
-8.0 71
8.5 83
9.0 32
-9.0 48
10.0 96
-10.5 34 67
-12.0 63
-13.0 13
-13.5 26
15.0 9
-17.5 46
17.0 68
20.5 58
-21.0 66
-22.0 88
25.0 75
26.5 50
30.0 6
31.5 86
33.5 27
33.0 74
36.5 84
-42.5 21
-43.0 44
46.5 49
-47.5 72
-54.0 62
64.0 95
82.5 25
-0.5 18 69 91
0.5 24 29 41 61 64 73
1.0 16 80
-1.0 28 36 53 65
1.5 12
-1.5 17 79
