-2.0 7 53 56
2.0 12 19
0.0 15 39 69 73
-2.5 20 40 78
-3.0 0
3.0 43 89 90 97
3.5 3
-3.5 5 47 55 65
4.0 33 94
-4.0 42
4.5 2 22
-4.5 52 85
5.0 37 93
-5.0 45 76
-5.5 60
6.0 1 35 59
6.5 10
-6.5 23 57
7.0 54 99
-7.0 70
7.5 4 31 77 87
8.5 83 96
-8.5 98
-9.0 48
-9.5 71
10.0 32
-10.0 34 67
-10.5 11
-12.5 13 26
-13.0 63
14.0 9
-18.0 46
-18.5 88
19.0 58
-20.0 66
20.0 68
25.5 75
27.5 6
27.0 50
30.0 86
32.5 74
34.5 27
37.5 84
-44.5 21
45.0 49
-44.0 72
-48.0 44
-53.5 62
63.5 95
82.0 25
-0.5 14 28 36 38 41 91
0.5 29 61 64 92
1.0 8 16 24 80
-1.0 18 30 51
-1.5 17 79
1.5 81 82
