0.0 3 15 36 39 41 73
-2.0 18 20 53 70
-2.5 7 40 78
2.5 8 31 81 89 93
-3.0 0 47
3.0 43 90 97
3.5 1 2
-3.5 55
-4.0 5 23 42 52
4.0 22 33 77 94
-4.5 45
5.0 37
-5.0 60 85
5.5 35
-5.5 76
-6.0 65
6.0 96
6.5 10
7.0 54 59
7.5 4 99
8.0 87
-8.5 34 57 63 98
8.5 83
-9.5 48
10.5 32
-10.5 71
-12.0 13 67 88
-13.0 26
14.5 9
-17.0 11
17.5 58
-19.5 66
-21.0 46
22.0 68
25.0 50
25.5 86
26.5 6
26.0 75
32.0 74
36.0 27
38.0 84
-40.0 72
45.5 49
-46.0 21
-49.0 44
-57.5 62
64.0 95
79.0 25
0.5 29 56 61 64 69 82 92
-0.5 30 51 91
1.0 14 16 80
-1.0 17 28 38
1.5 12 19 24
-1.5 79
