-2.0 7 17 79
2.0 12 24
0.0 14 15 28 39 51 82 93
-2.5 0 18 20 40 78
2.5 89 97
3.0 2 90
-3.0 47 55
-3.5 3
3.5 8 33 43 81 96
-4.0 5 45
4.0 22 94
4.5 35
-4.5 42 52
5.0 37 77
-5.0 60 76 85
6.0 10
6.5 54
-6.5 98
7.0 99
7.5 4
-7.5 34 65
8.5 59 83 87
-9.5 57
-10.0 48
10.5 32
-10.5 63
-11.0 13 67 71
13.5 58
-14.5 88
15.0 9
-15.5 26
-17.5 11
-20.0 66
-22.5 46
23.5 86
24.5 50
24.0 68
26.5 6 75
-35.5 72
36.5 27
36.0 74
39.0 84
44.5 49
-47.5 21
-48.5 44
-57.0 62
65.5 95
77.5 25
0.5 29 36 64 69 73 80 92
-0.5 30
1.0 1 16 31 61
-1.0 23 41 56 91
1.5 19 70
-1.5 38 53
