-2.0 7 20 38
2.0 12 89
0.0 14 15 28 39 73
-2.5 0 40 47 78 93
2.5 2 24 90
-3.0 18
3.0 43 97
3.5 33 70
-3.5 55 98
4.0 22 35 94
-4.0 45
4.5 37 81
-4.5 42 52 60 85
-5.0 76
5.5 10
-5.5 34
6.0 54 77 99
7.5 4
-8.0 65
-8.5 63
8.5 83
9.0 87
9.5 59
-10.0 13 48 67
10.5 32
-10.5 57 71
-13.5 11
13.5 58
14.0 9
-16.5 26
-16.0 88
-22.5 46
22.5 86
-23.0 66
25.5 75
26.5 50
26.0 68
33.0 6
33.5 27
-34.5 72
38.0 74 84
45.5 49
-46.0 44
-48.5 21
-58.5 62
68.0 95
82.0 25
0.5 5 8 31 51 61 64 80 92
1.0 16 19 29 36 41 69 96
-1.0 23 30 82 91
-1.5 1 3 17 53 56 79
