2.0 2 12
0.0 15 39
-2.0 17 20 93
-2.5 0 7 23 38 40 47 78
2.5 24 89 90
3.0 35 43 97
-3.5 1 18 34 45 55
3.5 33
4.0 41 94
-4.0 60
4.5 10 22 37 70 99
-4.5 42 52
5.0 56 81
-5.0 85
5.5 54
-5.5 76
7.0 4
-7.5 65
-8.5 13
8.5 83
-9.0 11
9.0 77 87
-9.5 63
10.0 32
-10.0 71
-10.5 48
10.5 59
-11.0 57
11.0 58
-11.5 67
14.5 9
-14.5 88
-17.0 26
-18.5 46
-21.0 66
22.0 86
26.5 50
26.0 68 75
28.0 27
33.5 6
-33.5 72
37.0 84
39.0 74
41.5 49
-46.0 44
-51.0 21
-54.5 62
67.5 95
86.5 25
-0.5 3 8 28 91 98
0.5 14 64 73 80 92
1.0 5 16 19 29 51 61
-1.0 30 31
1.5 36 69
-1.5 53 79 82 96
