2.0 12 35 36 89 90
0.0 15 28 39 80
-2.0 53 93
-2.5 0 7 8 20 38 40 78 82
2.5 97
3.0 24 41 43 99
-3.0 45 47 55
-3.5 31 60
3.5 33
4.0 10 22 94
-4.0 18 96
4.5 37 70
-4.5 52
-5.0 1 42 76 85
5.0 54
-6.0 65
6.0 81
7.0 4 58
-7.0 13
-8.0 23
8.5 83
9.0 32 77
-9.0 71
9.5 87
-10.0 11
-10.5 48 57
11.0 59
11.5 56
-13.0 63
-14.0 88
-15.0 67
16.0 9
-16.0 26 46
-23.5 66
23.0 86
24.5 68
24.0 75
28.0 50
30.0 27
31.5 6
-31.0 72
33.0 84
36.5 74
42.5 49
-47.0 44
-53.0 21
-55.0 62
66.0 95
87.0 25
-0.5 3 91
0.5 61 64 73 92
1.0 2 5 14 16 19 29 51
-1.0 30
-1.5 17 34 79 98
1.5 69
