-2.0 7 17 40 98
2.0 12 69
0.0 15 39 80
-2.5 0 20 79 93
2.5 36 89
3.0 24 43 97
-3.0 38 45 47 78 82
-3.5 8 55 60
3.5 10 33
4.0 22 94
-4.0 52 65
-4.5 31
4.5 37 54
-5.0 18 23 42 85
-5.5 13 76 96
-6.0 1
6.5 81
7.0 4
7.5 58
-7.5 71
8.0 32
8.5 83
9.0 77
9.5 87
-10.0 57
-11.0 11 48
-11.5 46
12.0 59
-12.0 63 88
14.5 9
-14.5 67
-16.5 26
17.5 56
23.5 68 75
24.0 86
25.0 27
-25.5 66
28.5 50
-28.0 72
30.0 84
31.5 6
34.0 74
41.5 49
-46.5 44
-51.0 21
-54.0 62
62.5 95
88.5 25
0.5 2 5 34 64 73 92
-0.5 28 30 41
1.0 14 16 19 35 51 61
-1.0 91
1.5 3 29 70 90 99
-1.5 53
