-2.0 8 21
2.0 13 91
0.0 16 35 40
-2.5 1 12 41
2.5 57
-3.0 39 48
3.0 44 90 98
-3.5 0 26 46
3.5 34 47
4.0 38
-4.0 53 80
4.5 22 69
-4.5 23 43 72 94
-5.0 65
5.5 4
-5.5 77
-6.0 2 88 97
6.0 15 30 71
-6.5 70 86
7.0 36 96
7.5 60 79
-8.0 52 58
8.5 84
-9.0 59
9.5 42
10.0 33
-10.5 6 19
11.5 87
12.0 55
-12.5 14 66
-13.0 56
14.0 49
-14.5 62
15.0 95
16.0 85
17.5 32
-17.5 83
19.5 28
-22.5 68
25.5 51
-26.0 9
-27.5 27
-28.5 24
-32.5 17 76
-34.0 73
37.0 99
-39.0 89
45.5 75
48.0 10
52.5 50
-55.5 67
67.5 7
-65.5 45
-67.5 63
-0.5 3 29 92
0.5 37 64 74 93
-1.0 5 25 31
1.0 20 78 81 82
1.5 11
-1.5 18 54 61
