2.0 3 12 34
-2.0 7 23 41 53
0.0 15 39 73 80 92
-2.5 0 20 31 40 45 70
2.5 10 69 97
3.0 36 43 89
-3.0 47 60 78
-3.5 13 38 55 82 98
3.5 24 33 54
4.0 37 94
-4.0 52
4.5 22
-4.5 85
-5.0 8 42
-5.5 18 76
-6.0 1 71
6.5 4 59 81
-6.5 96
7.0 32 58 77
8.0 83
-9.0 57
9.5 87
-10.0 11
-11.0 46 48 63
-13.5 67
-15.5 88
16.5 9
-18.5 26
21.0 27 56
22.0 68
24.5 86
26.0 84
-27.0 72
-28.5 66
28.0 75
31.5 6
33.5 50
33.0 74
-42.5 44
42.0 49
-50.0 21
-51.5 62
62.0 95
92.5 25
0.5 2 5 28 64
-0.5 35 93
1.0 16 19 51 61 90 99
-1.0 30 91
1.5 14 29
-1.5 17 65 79
