0.0 2 15 39 92 93
-2.0 7 13 20 53
2.0 10 12 14 29 89
-2.5 0 23 40 45 60 78 85
2.5 97
3.0 36 43 54 69
-3.0 55
3.5 24 33
-3.5 38 41 47
4.0 34 37 94
-4.0 71
4.5 22 59
-4.5 52 82
-5.0 1 42 98
-5.5 76
-6.0 18
6.0 32
6.5 4 81
-6.5 8 11
-7.0 46 96
7.0 58
-7.5 57
7.5 77
8.0 83
9.5 87
-11.0 48
-13.0 63 88
16.0 9
-16.0 67
-18.5 26
20.0 27
20.5 68
21.5 56
23.0 84
26.0 75 86
-27.5 66
-28.5 72
29.0 6
36.5 50
36.0 74
-39.5 44
45.5 49
-51.0 62
-53.5 21
64.0 95
91.5 25
0.5 3 28 51 64 73 90
-0.5 70 80
1.0 5 16 19 61
-1.0 17 30 91
-1.5 31 35 79
1.5 65 99
