-2.0 7 17 40 45 71
2.0 10 12 93 99
0.0 15 31 39 51 90
-2.5 0 20 35 60 78
2.5 14 29 54 89 97
-3.0 47 55
3.0 69
-3.5 1 38
3.5 36 43 94
4.0 24 33 37 65
-4.0 52
4.5 22 32
5.0 34
-5.0 82
-5.5 42 57 76
5.5 59
6.0 4 77
-6.0 23
-6.5 18 96 98
6.5 81
-7.5 8
7.5 83
-8.0 11
9.5 87
-10.0 46
-11.5 48
-12.5 63
-15.5 88
-16.5 67
18.5 9
21.5 68
21.0 84
-23.5 26
23.5 56 86
24.0 27
25.0 6
-26.0 66
27.5 75
-31.0 72
-37.0 44
38.0 74
42.0 50
47.0 49
-51.5 62
-53.0 21
63.0 95
94.0 25
-0.5 2 13 30 80 92
0.5 5 64 73
1.0 3 16 61 70
-1.0 53 79 91
1.5 19 58
-1.5 28 41 85
