2.0 10 12 54
0.0 15 39 71 93
-2.0 45 60
-2.5 7 31 40 41 78
2.5 14 29 58 89
-3.0 0 47 55
3.0 32 97
3.5 3 36 37 43 69 94 99
-3.5 35 38 57
4.0 24 33
4.5 22
-4.5 52
-5.0 11 96
5.5 4 65
-5.5 23 42 76 82
6.0 34 77
6.5 59 81
-6.5 98
-7.0 18
7.5 83
9.5 87
-11.5 48
-12.0 46
-13.5 8
-14.0 63
18.0 9
-19.0 67
-19.5 88
-21.0 26
22.5 84 86
23.5 6 68
23.0 27
25.0 75
26.0 56
-31.5 66
-34.0 44
-35.0 72
37.0 74
43.5 50
47.0 49
-53.5 62
-55.0 21
59.0 95
92.5 25
-0.5 2 28 51 80 90 91
0.5 13 61 64 73
1.0 5 16
-1.0 79 92
-1.5 1 17 20 30 53 70 85
1.5 19
