-2.0 7 17 20 53 57 60 70 79
2.0 10 12
0.0 15 39
-2.5 0 40
-3.0 11 47 78 93 96
3.0 14 29 43 89 97
3.5 33 36 37 69
-3.5 38 55
4.0 22 24 94
-4.5 23 35 52
5.0 4 99
-5.0 76
5.5 3 77
-5.5 42 82
6.0 81
6.5 34 65
-6.5 41
7.0 59 83
-7.5 18
-8.0 98
8.5 95
9.0 87
-11.5 48
-13.5 46
-14.0 8
-15.0 63
-18.0 88
21.0 9
22.5 27
-22.0 67
23.0 6 86
-23.0 26
23.5 68
24.0 75
25.5 84
27.0 56
-33.5 44
-36.5 66
-37.5 72
36.0 74
41.5 50
44.0 49
-50.5 62
-54.0 21
99.0 25
-0.5 2 28 30
0.5 5 64 73
1.0 1 16 61
-1.0 31 51 80 90 91
1.5 13 19 32 54 58 71
-1.5 45 85 92
