-2.0 7 20 40 51 53 92
0.0 15 39 57 61 85 91
2.0 19 97
-2.5 0 47 78
2.5 10 13 43 71 89
-3.0 23 55
3.0 29 31 37
3.5 14 33 36
-3.5 38
4.0 1 24 58 69 94
4.5 4 22
-4.5 52
-5.0 76
5.5 3 81
-5.5 35 42
-6.0 82
6.0 95
6.5 65 83 99
7.0 34
-7.5 41 98
7.5 59
-8.0 18
8.5 87
-9.0 46
-12.0 48
-14.0 8
16.5 9
-17.5 63
-18.5 88
19.5 6
-19.0 67
22.0 75
23.0 86
24.0 27 68
-26.0 26
27.0 56 84
-32.0 44
33.0 74
-37.0 66
-39.0 72
42.5 49
42.0 50
-45.5 62
-58.0 21
100.5 25
-0.5 2 17 28
0.5 5 11 32 64 73
1.0 16 54 93
-1.0 30 70 80 96
1.5 12 77
-1.5 45 60 79 90
