-2.0 0 20 53 90
2.0 12 96 97
0.0 15 39 73
2.5 19
-2.5 40 51 78 92
3.0 10 13 36 37 43 89
-3.0 47 77
3.5 29 33 71
-3.5 38 55
4.0 4 14 24 58 69 70 94
4.5 22 81
-4.5 52
-5.0 76
-5.5 42
5.5 65 93 95
-6.0 35
6.5 1 34 83
-6.5 82
7.0 99
7.5 59
8.0 87
-8.0 98
8.5 3
-8.5 18
-10.5 46
-12.0 41 48
-13.0 67
14.0 9
-14.5 8
-15.5 88
-16.5 63
20.5 6
21.5 68
21.0 75
23.0 86
26.0 27
27.5 84
-28.5 26
28.5 56
31.5 74
-32.0 44
-37.5 72
39.0 49
-40.0 66
42.0 50
-45.0 62
-59.0 21
99.5 25
-0.5 2 30
0.5 5 61 64 85
1.0 11 16 28 54
-1.0 17 23 32 45 80 91
-1.5 7 60 79
1.5 31 57
