0.0 2 15 39 73
-2.0 7 20 32
2.0 12 97
-2.5 0 40 78 90
2.5 19 31 37 57
3.0 4 13 36 43 89
-3.0 38 47 55 92
3.5 10 65 71 81
-3.5 51 77
4.0 14 24 29 33 85 94
4.5 22 69 96
-4.5 52
-5.0 23 76
5.0 58 95
5.5 34
-5.5 42
6.0 83 93
-6.5 82
-7.0 35 98
7.0 70
7.5 59 87 99
8.5 1
-9.0 18
-10.5 46
-11.5 41 67
12.0 3
-12.0 48 88
-14.0 63
-15.5 8
17.5 9 68
20.5 6
20.0 75
24.5 86
25.0 27
-27.5 26
27.5 84
30.0 56
31.5 74
-35.5 72
-36.0 44
40.5 49
-40.0 66
42.5 50
-45.0 62
-58.5 21
98.5 25
0.5 5 64
-0.5 28 91
1.0 16 54 61
-1.0 30 45 79
1.5 11
-1.5 17 53 60 80
