-2.0 7 20 40
2.0 12 37
0.0 15 31 39
-2.5 0 32 78
2.5 4 81 89
3.0 13 19 36 43 57
-3.0 38 90
3.5 24 33 71 94 95 97
-3.5 47 55 92
4.0 29
-4.0 52
4.5 10 14 22 34 69
-4.5 51
-5.5 23 42 76
6.0 83
-6.0 98
-6.5 82
6.5 99
7.0 59 87 96
-7.0 77
-7.5 35
8.5 85
9.0 93
-9.5 18
9.5 58 70
10.0 1
-11.0 46
-12.0 41 48
-13.5 67
-14.5 88
16.5 68
-17.5 8
-17.0 63
18.0 9
20.5 75
21.0 3
24.0 86
25.0 6 27
-29.0 26
29.5 56
30.5 84
-33.0 44 72
35.0 74
-38.5 66
41.5 49 50
-42.5 62
-55.0 21
98.5 25
0.5 2 54 61 64 73
-0.5 30 91
1.0 5 16 65
-1.0 11 45 60 79
-1.5 17 28 53 80
