2.0 4 37
0.0 15 39
-2.0 40 79
-2.5 0 20 38 78
2.5 13 36 71 89 97
-3.0 7 32 47
3.0 19 34 57 95
3.5 24 43
-3.5 55 90
4.0 33 94
4.5 14 22 29
-4.5 52 76 92
5.0 10 69
-5.5 42 51
5.5 83 99
6.0 87
-6.5 23 82
6.5 59
-8.0 35 98
8.5 85
-9.0 41
9.0 93 96
-9.5 18
-10.0 46
10.0 58
10.5 1
-10.5 77
11.0 70
-12.0 48
-15.0 63
-16.5 67 88
16.0 68
18.0 75
-20.5 8
20.0 9
22.0 56
23.5 86
24.0 3
24.5 6
25.5 27
28.5 84
-30.0 72
-31.0 26
-34.5 44
-37.0 62
38.0 50
-40.0 66
40.5 74
43.0 49
-52.0 21
98.0 25
0.5 2 5 61 64 73
-0.5 11 28 31 45
1.0 16 54
-1.0 30 60 91
1.5 12 81
-1.5 17 53 65 80
