-2.0 5 8 12 21 41
2.0 13
0.0 16 29 35 40 74
-2.5 26 39
2.5 47 57 91
-3.0 48
3.0 90 98
3.5 34 44
-3.5 46 94
-4.0 0 72 80
4.0 38 69
4.5 22
-4.5 23 43 53
-5.0 77
5.5 79
6.0 15
-6.0 70 88
-6.5 2
6.5 30
7.0 60 96
-7.0 97
7.5 36
8.0 71 87
-8.5 6 52
8.5 55 84
9.0 4 49
-9.0 59 86
-9.5 58
-10.5 19
10.5 33
-12.0 14 62
12.5 42
-12.5 66
14.5 32 95
-14.5 56
16.0 85
-17.5 83
18.5 28
-19.5 68
-25.0 9
25.0 51
-27.0 24
-27.5 27
-33.0 17
-33.5 73
-39.0 45
-38.5 76
-38.0 89
39.0 99
48.0 75
52.0 50
54.5 10
-56.0 67
65.0 7
-71.5 63
-0.5 3 82 92
0.5 64 78 93
1.0 11 20 37 81
-1.0 31
-1.5 1 18 25 54 61 65
