-2.0 7 38 40 80 82
2.0 12 36 95
0.0 39 73
-2.5 0 20 78
2.5 57 89
-3.0 32
3.0 43 97
3.5 19 24 33
-3.5 47 55
-4.0 65 90
4.0 94 99
4.5 29 69
-4.5 52 76
5.0 14 83
-5.0 92
5.5 10 59 87
-5.5 42
-6.0 51
7.0 85
-8.0 46
-8.5 35 41
-9.5 77
-10.0 18 63
10.0 70
10.5 96
11.0 1 93
-11.0 98
-12.0 48
13.5 58
-14.0 88
-15.0 67
-17.0 8
17.5 68
19.5 9
20.0 75
21.0 56
22.5 3
22.0 86
24.5 27
25.0 6
-28.0 26 72
30.0 84
-34.0 44
36.5 50
-36.0 62
-37.0 66
42.0 74
47.0 49
-53.5 21
98.0 25
0.5 5 31 61 64 81
-0.5 11 15 28 45
1.0 4 16 34 54
-1.0 23 30 53 60 79 91
1.5 2 13 37 71
-1.5 17 22
