2.0 2 12
0.0 15 39 73
-2.0 80
-2.5 0 7 20 40 78
2.5 23 89 97 99
3.0 24
-3.0 32 47
3.5 33 43
-3.5 55
4.0 19 31 82 85 94
-4.0 90
-4.5 22 52
4.5 59 70 83 87
5.0 14 29 69
-5.0 76
-5.5 42 92
6.0 10
-6.0 65
-7.0 51
-8.0 63
-8.5 46
-9.0 35
-9.5 41
10.0 1
-10.0 18
-11.0 77
11.0 96
-11.5 88
-12.0 48
12.5 93
-14.0 98
14.5 58 68
-16.0 67
-19.0 8
19.0 56
19.5 86
20.0 27
21.0 9
22.5 75
23.5 3
-26.5 26
-26.0 72
28.0 6 84
-33.5 44
-33.0 66
-38.0 62
40.0 50
47.0 74
-49.0 21
51.5 49
97.0 25
0.5 4 5 11 13 64 95
-0.5 28 45 71 81
1.0 16 54 61
-1.0 30 34 60 79 91
-1.5 17 38 53
1.5 36 37 57
