2.0 12 89
0.0 15 28 39 57 73 91
-2.0 17 20 40 71 79 80 81
2.5 2 82
-2.5 7 32
-3.0 0 34 55 78
3.0 23 24 33 43 97
-3.5 47
3.5 59
4.0 11 19 83 85 87 94
-4.5 22 52 90
5.0 29 31 69
-5.0 76
5.5 14
-5.5 42
-6.0 92
6.5 10
7.0 70
-7.5 51 63 65
8.5 1
-9.0 35
-9.5 46
-10.0 41
-10.5 18
11.0 58 96
-11.0 77 88
-12.0 48
13.0 68
-15.0 67
15.0 93
-17.5 98
-18.5 8
18.0 27
19.5 56
20.5 3 86
20.0 9
-23.5 26
-24.0 72
24.5 75
24.0 84
-27.5 66
30.5 6
-32.0 44
-34.5 62
41.0 50
-46.5 21
47.5 74
51.5 49
99.0 25
-0.5 4 30 45 95
0.5 5 64
-1.0 13 38 60
1.0 16 36 61
1.5 37 54 99
-1.5 53
