-2.0 7 32 57 80
2.0 12 54 59
0.0 15 39
-2.5 0 13 20 40 78
2.5 23 24 85 89
3.0 2 43 82 87 97
-3.0 55 81
3.5 33 83 94
-3.5 47
-4.0 22 52 71
4.5 19
-4.5 90
-5.0 34 76
5.0 69
5.5 14 29
-5.5 42
6.5 1 10
-6.5 92
7.0 11
-7.0 46
7.5 70
-8.0 41 65
-8.5 51 63
9.0 31
-9.0 35
9.5 58
-10.5 18
10.5 96
11.5 27
-11.5 77
-12.0 48
13.0 68
-13.0 88
-15.0 8 67
-16.5 98
19.5 56
19.0 93
20.0 9 86
21.5 3
21.0 84
-22.5 26
-23.5 72
24.5 75
-27.5 66
33.0 6
-33.5 62
-35.0 44
37.5 50
47.0 74
-49.5 21
53.5 49
96.5 25
0.5 5 36 64 73
-0.5 28 38 45
-1.0 4 17 30 60 79 91
1.0 16 37 61 99
-1.5 53 95
