2.0 12 24 87
0.0 15 36 39
-2.0 17 40
-2.5 7 20 47 53 80 95
2.5 54 70 82 89 97
-3.0 0 78
3.0 83
3.5 2 23 43
-3.5 55 57
4.0 1 33 94
-4.0 13 52 81
-4.5 22
5.0 19 69
-5.0 42 76 90
5.5 29
6.0 14 58
-6.0 71
6.5 10 85
-6.5 34 46 92
-7.0 65
-8.0 41
8.5 11 31 96
-8.5 51
9.0 27
-9.0 35
-10.0 8 63
-10.5 18
-12.0 48
12.5 68
-15.5 88
-16.5 98
-17.0 77
-18.0 67
19.5 56
20.5 9
20.0 86 93
-22.5 26
23.0 84
-24.0 72
25.5 3
26.0 75
-27.5 66
32.0 50
-33.5 62
35.0 6
-36.5 44
45.5 74
-48.5 21
53.5 49
97.5 25
0.5 5 59 61 64 73
-0.5 28 30 38 45 91
1.0 16 37
-1.0 32 60 79
-1.5 4
1.5 99
