-2.0 7 40 82
2.0 12 24
0.0 15 32 38 39 61
-2.5 4 20 78 80
2.5 89 99
-3.0 0
3.0 43 54 83
3.5 33 94 97
-3.5 47 55 95
-4.0 22 52
4.5 2 31
5.0 19
-5.0 42 81 90
-5.5 8 13 57 65 76
5.5 69 85
6.0 14 27 29
6.5 10 96
-6.5 46
-7.0 92
7.5 11 58
-8.0 34 41 71
-8.5 35
-9.0 51
9.5 68
10.0 23
-10.5 18
-12.0 48 63
-14.5 88
15.0 93
-17.5 77
18.0 86
-19.0 98
-21.0 67
-22.5 26
23.5 56
23.0 84
24.5 9
-26.0 66 72
27.0 3
27.5 75
31.5 50
-34.5 62
37.5 6
-36.5 44
47.0 74
-50.5 21
54.5 49
97.5 25
-0.5 30 36 45
0.5 64 70 73
1.0 5 16 37
-1.0 28 53 59 91
1.5 1 87
-1.5 17 60 79
