2.0 12
0.0 15 28 39 73
-2.0 20 53
-2.5 7 40 47 59 78 80
2.5 83 97
-3.0 0 4
3.0 43 89
3.5 31 33 54
-3.5 55 65
-4.0 22 52
4.0 94 96
-4.5 82 95
4.5 99
5.0 2 19
-5.0 42 76 90
5.5 11 69
-5.5 81
6.0 10 14 29
-6.5 46
6.5 85
-7.0 92
-7.5 13 57
-8.5 35
9.0 27 58
-9.0 51 71
-9.5 34 63
-10.5 18
10.5 68
-11.0 41
-12.0 48
13.5 23 93
-14.0 88
17.5 86
-19.5 77
-19.0 98
22.0 9
-22.5 26 72
24.0 3
-25.0 67
25.5 84
26.0 56
-27.0 66
28.5 75
-31.5 62
34.5 50
-37.0 44
39.0 6
43.5 74
-48.5 21
56.5 49
96.5 25
0.5 5 37 38 61 64 87
-0.5 30 45
-1.0 1 17 91
1.0 16
-1.5 8 36 60 70 79
1.5 24 32
