-2.0 7 20 36
0.0 15 39 73
2.0 31 83
-2.5 0 40 80
2.5 32 89
-3.0 47 78
-3.5 1 4 55
3.5 43 97
4.0 33 94
-4.0 52 59
-4.5 22
4.5 54
5.0 10 69 99
-5.0 42 76 90
5.5 2 19
-5.5 95
6.0 14 29
-6.0 81
-7.0 46
-7.5 92
8.0 11 85
-8.0 35
-8.5 63
-9.0 13 51 57
9.0 58
-10.0 34 41 71 82
-10.5 18
11.5 23 93
-11.5 48
12.5 27
13.5 68
-17.5 88
18.0 86
-19.0 72
20.0 9
-20.0 77
-21.0 26 98
22.5 3
-24.5 66
-25.0 67
27.5 56
27.0 84
-29.5 62
30.0 75
33.5 50
37.5 6
-36.5 44
43.0 74
-52.0 21
56.5 49
96.0 25
0.5 5 37 61 64
-0.5 45 65 87 91
-1.0 8 30 53 79
1.0 16 24 38
1.5 12 70 96
-1.5 17 28 60
