-2.0 7 20 40 60
2.0 8 65 70
0.0 15 39 61 73 91
-2.5 0 36 78 80
3.0 43 89 97
-3.5 47 55
-4.0 22
4.0 32 33 94
-4.5 4 52
4.5 10 31 99
-5.0 1 42 90
5.0 54 69
5.5 11 19
-5.5 59 76
6.0 2 14
-6.0 41
6.5 29
-6.5 81 95
-7.0 35
7.5 23
-7.5 92
-8.0 46
8.0 58
8.5 93
-9.0 51
-10.0 13 57 82
-10.5 18 34 63
-11.0 71
-11.5 48
12.0 85
12.5 68
13.0 27
18.0 9
19.5 86
20.0 3
-20.0 26 98
-20.5 77
-21.5 88
-22.5 72
-24.5 66
-25.0 67
26.0 56
-29.0 62
30.0 84
31.0 50 75
-35.0 44
38.5 6
43.5 74
-56.0 21
56.0 49
100.0 25
0.5 5 24 37 64
-0.5 28 45
1.0 16
-1.0 17 30
1.5 12 38 83
-1.5 53 79 87 96
