2.0 12 89
0.0 15 24 39 73
-2.0 20 40 60 70 87
-2.5 7 41 78 80
2.5 97
-3.0 0 36 47
3.0 43
3.5 33
-3.5 55 96
4.0 10 94
-4.5 22 42 52 76 90
4.5 58 65
-5.0 4
5.0 8 69 99
5.5 19 31 32 54
-6.0 1
6.0 11 14
6.5 2 29
-6.5 35 59 81
-7.0 95
7.5 23
-7.5 92
-8.5 51
-9.0 63
9.0 93
-9.5 46
-10.0 18
-10.5 34
11.0 27
-11.0 57 71
-11.5 13 48
-12.5 82
12.5 85
14.0 68
15.0 3
-16.0 98
19.0 9
-20.0 77
21.0 86
-21.0 88
-22.5 26
-23.5 66
-23.0 67
25.0 56
27.5 50
-27.0 72
-29.5 62
29.5 84
30.5 75
-32.0 44
35.5 6
46.5 74
-54.5 21
57.0 49
102.0 25
0.5 37 64
-0.5 45 91
1.0 5 16 61 83
-1.0 28 30
-1.5 17 53 79
1.5 38
