-2.0 8 12 25 26 39 41 61 94
0.0 11 16 35 37 40
2.0 13 90
-2.5 5 21 72
2.5 57 65 98
-3.0 45 46 48
3.0 91
-3.5 0
3.5 34 44 47 79
-4.0 23 78 80
4.0 69
4.5 22 38 87
-4.5 43 53
-5.0 77
5.5 15 55
6.0 60
-6.0 70
6.5 30
-6.5 59 88
-7.0 2 97
7.0 96
7.5 71
-7.5 86
8.0 36
8.5 4 84
-9.0 52
10.0 32
-10.5 19 58
10.5 33 49
-11.5 14
-12.0 6
12.5 42
-12.5 62
-13.0 66
13.5 95
15.0 85
-15.5 56
19.5 28
-20.5 83
-21.0 68
-23.5 9
24.5 51
-26.0 24
-28.5 27
-33.0 17
-32.5 73
-36.0 89
-38.0 76
40.5 99
46.5 75
49.5 50
-54.0 67
59.0 10
63.5 7
-72.0 63
0.5 1 64 74 81 93
-0.5 3
1.0 20
-1.0 29 31 92
-1.5 18 54 82
