-2.0 7 20 40 79
2.0 12 38 58 89
0.0 15 39
-2.5 0 60 78 80
3.0 10 97
-3.0 47 87
3.5 33 43
-3.5 36 41 55
4.0 94
-4.5 22 42 52 90
4.5 99
5.0 69
-5.5 4 76 96
5.5 19
-6.0 1 35
6.0 8 11 14 54 65
6.5 29
-6.5 81
7.0 2 23 27 32
-7.5 92 95
-8.0 51 59
-9.5 46
-10.0 18 34
-10.5 63 71
10.5 93
-11.0 57
-11.5 48
-12.0 13 82
14.5 85
16.0 3
16.5 68
-17.0 98
-18.5 77
19.5 9
-22.5 66 88
-22.0 67
22.5 86
-24.5 26
25.5 56
-27.5 62
28.5 50
-30.0 72
30.5 75
31.0 84
33.0 6
-33.0 44
-41.5 21
48.5 74
58.5 49
99.5 25
0.5 5 37 61 64 70 73 83
-0.5 24 28 30 45 91
1.0 16
-1.5 17 53
1.5 31
