-2.0 7 17 40
2.0 12 38 97
0.0 15 39 73 83
-2.5 0 20 47 60 78 80
2.5 10
3.0 43 89
-3.5 55 87
4.0 8 33 94
-4.0 22 36 90
4.5 21 70 99
-4.5 42 52
-5.0 1 35
5.0 58 69
5.5 19 23
-5.5 76
6.0 11 14
-6.5 4 81 96
6.5 27 29 54 65
-7.0 46 92
7.5 2
-7.5 51
8.0 32
-8.0 95
-8.5 63
-9.0 34 59
-9.5 18 71
-10.5 57
-11.0 48
-11.5 82
-12.5 13
15.5 93
16.5 68
-16.0 98
17.0 3
17.5 85
-19.0 77
21.5 9
-21.0 66
-22.0 67
-22.5 88
24.0 86
-25.5 26
-29.5 62
30.5 50
30.0 75
31.0 56
-31.5 72
32.0 6 84
-33.0 44
48.0 74
61.5 49
96.5 25
0.5 5 31 37 61 64
-0.5 30
1.0 16
-1.0 24 28 45 91
-1.5 41 53 79
