-2.0 7 17 53 79
2.0 10 12 38 89
0.0 15 39 73
-2.5 0 40 78 80
-3.0 55 60
3.0 97
3.5 33 43
-3.5 47
4.0 27 94
-4.0 35 42 87 90
4.5 8 21
-4.5 22 36 52
5.0 23 69 99
-5.0 46
5.5 19 70
-5.5 76
-6.0 1 81
6.0 14 58
-6.5 4 51
6.5 29 65
7.0 11 54
-7.0 92 96
7.5 2
-7.5 71
-8.0 34 95
-9.0 18 63
9.0 32
-9.5 57
-10.0 59
-11.0 48
-12.5 98
-13.0 13
-14.0 82
16.5 68
17.0 85
18.0 93
19.0 3
-19.0 77
-20.5 26
-21.0 67
-22.0 66
24.5 9
25.0 86
-25.0 88
26.5 75
31.5 50
-31.5 62
32.5 6
33.5 84
35.0 56
-36.0 44 72
49.0 74
61.0 49
94.5 25
-0.5 28 30 41 83 91
0.5 61 64
1.0 5 16 37
-1.0 24 45
-1.5 20
1.5 31
