-2.0 7 20 53
2.0 10 12 38 70
0.0 15 39
-2.5 0 40 78 80
2.5 27
-3.0 35 47 60
3.0 43 89
3.5 33 46 97
-3.5 55 90
4.0 8 31 94
-4.0 22 42
4.5 21 69
-4.5 52 87
5.0 23 99
-5.0 36 76
5.5 14 19 65
-5.5 81
-6.0 51 71
6.5 29 58
-6.5 34 92 96
-7.0 1
7.0 54
-7.5 4
8.0 2
-8.0 57 95
9.0 11
-9.0 18
10.0 32
-10.5 48 59
-11.0 63
-13.0 13
-13.5 98
-14.0 82
16.0 93
17.0 85
-19.5 26
19.0 68
-20.0 67 77
22.0 3
24.5 9
-25.0 66
25.5 86
27.5 75
-27.0 88
28.0 50
32.5 6
33.0 84
35.0 56
-36.5 62
-39.5 44
-38.0 72
51.0 74
62.5 49
95.0 25
-0.5 28 41
0.5 64 73
1.0 5 16 37 61
-1.0 17 30 45 79 83 91
-1.5 24
