-2.0 7 24 35 40
2.0 10 12 38
0.0 15 39 73
-2.5 0 20 78 80
2.5 89 97
3.0 8 43 65
-3.0 41 47 55 90
3.5 27 33 46
-3.5 42 60
-4.0 71
4.0 94
4.5 21 69 99
-4.5 22 34 52
-5.0 51 76 81
5.5 14 19
-5.5 36 87 96
6.0 23
-6.0 92
6.5 29
-6.5 57
-7.0 1
7.0 31
-7.5 4 95
7.5 54
8.0 2 11
-8.5 18
9.0 58
10.0 32
-10.0 82
-10.5 48
-11.0 59
-12.0 63
-12.5 13
15.0 85
16.0 93
-17.0 77 98
19.5 3
-20.0 26
-21.0 67
21.5 68
21.0 86
25.5 9
-26.5 66
26.0 75
27.0 50
-27.5 88
35.0 56
36.0 84
38.0 6
-38.5 72
-40.0 44
-42.0 62
52.5 74
63.5 49
95.5 25
0.5 5 61 64
-0.5 28 30 91
1.0 16 37
-1.0 83
-1.5 17 45 53 79
1.5 70
