-2.0 7 20 71
2.0 10 12 38 70
0.0 15 39 73
-2.5 24 34 40 78 80 90
2.5 89 97
-3.0 0 55
3.0 27 43
-3.5 42 47 96
3.5 46 94
4.0 33 69
-4.0 51 60
4.5 21 99
-4.5 22 52 81
5.0 14
-5.0 57 76
5.5 19
-5.5 36 87
-6.0 41 92
6.5 29
-7.0 1
7.0 31
7.5 54
-7.5 95
8.0 2
-8.0 4 18
9.0 11
10.0 23
-10.0 48
10.5 32 58
-10.5 82
-11.0 59 63
-11.5 13
12.5 93
-14.5 77
17.5 86
18.0 85
-19.0 98
20.5 3
-21.5 26
-23.5 67
23.5 68
23.0 75
-24.0 66
26.0 9
-27.0 88
28.5 50
34.0 56
-36.5 72
37.5 84
45.5 6
-44.5 44
-44.0 62
51.5 74
64.0 49
98.0 25
0.5 5 61 64 65
-0.5 28
1.0 8 16 37
-1.0 30 35 91
-1.5 17 45 53 79 83
