0.0 8 15 28 39
-2.0 45 53 65 83 90
2.0 70 89
-2.5 0 7 20 40 57 80
2.5 10 71 97
-3.0 24 51 78 81
3.0 27 46
-3.5 42 47 55
3.5 43
-4.0 22
4.0 33 69 94
4.5 21
-4.5 52 60
5.0 14 19 99
-5.0 76
-5.5 92
-6.0 36 87
-6.5 1
6.5 29
-7.0 95
7.5 11 54
-7.5 18
8.0 2 31
-8.5 4
9.5 23
-9.5 63
-10.0 41 48 82
10.0 58
-10.5 13
10.5 32
-11.0 59
11.5 93
-14.0 77
14.0 86
17.5 85
19.0 9
-20.0 26
21.0 3
22.5 68 75
-22.0 98
-24.0 67
26.5 50
-27.0 88
-28.0 66
34.5 56
-41.0 72
40.5 84
-45.0 44 62
47.5 6
52.5 74
66.0 49
96.0 25
-0.5 34
0.5 35 64 73
1.0 5 16 61
-1.0 17 30 91 96
1.5 12 37 38
-1.5 79
