-2.0 7 20 45 53 78 81
0.0 39
-2.5 0 40 51 80 83
3.0 10 43 89 97
-3.0 42 47 55
-3.5 8 24
3.5 46 69 94
4.0 21 33 71
4.5 14 99
-4.5 22 52 60 65
5.0 19
-5.0 76 92
-6.0 1 36
6.0 11 29
6.5 70
-6.5 87 95
-7.0 18
7.5 2 54
8.0 58
-8.5 4
8.5 23
-9.0 13
9.5 31
-9.5 48 63
10.0 32 86
-10.5 59
10.5 93
-11.5 82
-12.5 77
13.0 9
-15.5 41
17.5 3
19.0 85
20.5 75
22.0 68
-23.5 26 67
-23.0 98
-26.0 88
28.0 50
-28.5 66
32.5 56
41.0 84
-42.5 62
-45.0 44 72
47.5 6
50.5 74
65.0 49
93.5 25
0.5 5 15 64 73
-0.5 30 91
1.0 16 61
-1.0 27 28 57
1.5 12 34 35 37 38 96
-1.5 17 79 90
