-2.0 7 17 53 79
2.0 12 37
0.0 15 39 73
-2.5 0 20 40 45 80 83
2.5 35 89 97
3.0 11 34 43 46 71
-3.0 42 47
-3.5 24 55
3.5 33 69
4.0 10 58 70 94 96
-4.0 22 92
-4.5 8 52
4.5 14 19 21 99
-5.0 60 76
-5.5 1 95
6.0 29
-6.0 36
-6.5 18 65 87
7.0 2 54
-7.5 13
8.5 23
-9.0 4
9.5 32 86
-9.5 48
-10.0 59 77
11.0 9
-11.0 82
-11.5 63
12.0 93
12.5 31
-17.5 41
18.5 85
20.5 3
-21.0 67
-21.5 98
22.0 75
-23.0 26 88
23.5 68
-28.0 66
30.0 50
33.0 56
39.5 84
-41.5 62
47.5 6
-48.5 44
-49.5 72
53.0 74
65.5 49
97.0 25
-0.5 30 91
0.5 57 64
1.0 5 16 38 61 78
-1.0 28 81 90
-1.5 27 51
