0.0 15 27 39 58 81
-2.0 20 40 53 79
2.0 37 57
-2.5 0 17 42 45 47 80
2.5 89 97
-3.0 7 83
3.0 69
3.5 11 33 35 43 46
-3.5 55 92
4.0 14 19 94
-4.0 22 24
4.5 10 21 34
-4.5 52 76 95
-5.0 1
5.0 99
-5.5 60
-6.0 13 18 36
6.0 23 29
6.5 54 96
-6.5 87
7.0 2
-7.0 8
-7.5 65
-8.0 82
8.5 32
-9.0 4 48
9.0 86
-9.5 59
10.0 9
-11.0 63
-13.0 77
14.5 31 93
-16.5 67
-17.0 41
17.0 85
19.0 3
-20.0 98
21.5 25
-21.5 88
23.5 75
25.5 68
-27.5 26 66
30.0 50
35.5 56
-39.5 62
41.0 84
-49.5 44
51.5 6
-50.5 72
54.5 74
65.0 49
-0.5 28 78 90
0.5 38 61 64 73
1.0 5 16
-1.0 30 51 91
1.5 12 70 71
