0.0 3 16 35 37 40 74
-2.0 12 26 39 41 61
2.0 13 57 79 90 98
-2.5 8 21 25 48 82
-3.0 5 45 46 59
3.0 69 91
3.5 44 55
-4.0 0 53 80 86
4.0 34 47
4.5 4 22 38
-4.5 23
-5.0 43 77
5.0 60
5.5 15
-5.5 70
6.0 71
-6.0 97
6.5 30 65 96
-6.5 88
-7.0 2
8.0 36
8.5 84
-9.0 52
-10.0 14 62
10.0 49
-10.5 19
10.5 33
-11.0 6 58
11.0 32
11.5 42
-13.0 56 66
14.5 85
15.5 95
-18.5 68
-19.5 83
23.0 28
24.5 51
-25.5 9
-28.5 24
-30.5 27
-31.5 17
-32.0 73
-32.5 89
-36.5 76
41.5 99
48.5 75
50.0 50
-53.5 67
61.0 10
66.5 7
-72.5 63
-0.5 29 31 78 92
0.5 64 81 87 93
1.0 1 20
-1.0 11 94
-1.5 18 54 72
