2.0 12 89
0.0 15 38 39 51 71 90
-2.0 20 53
-2.5 0 7 40 42 47 80
2.5 37 57 97
-3.0 45 58 92
3.0 69
3.5 14 43 46
-3.5 55 83 95
4.0 19 33 70 94
-4.0 22 24
-4.5 1 13 52
4.5 21 35
-5.0 18 76
5.0 99
5.5 10 29
6.0 34
-6.0 36 60
6.5 2 54
-6.5 8 87
7.5 32
-8.0 25 65
-8.5 48 59 82
8.5 96
-9.0 4
9.0 9
9.5 86
-11.0 77
-11.5 63
11.5 93
12.0 85
14.0 31
-15.5 41
-19.5 67
-21.0 88
-21.5 98
25.0 3 68 75
-29.0 66
30.5 50
-32.5 26
38.5 56
-39.0 62
40.0 84
-49.5 44
-50.0 72
52.0 6
56.0 74
66.0 49
-0.5 28 91
0.5 61 64 73
1.0 5 11 16 23 78 81
-1.0 30
-1.5 17 79
1.5 27
