-2.0 11 17 20 42 53
2.0 12 89
0.0 15 27 39
-2.5 0 7 40 80 92 95
2.5 23 69 78 81 97
-3.0 13 16 45 47 55
3.0 37 57
3.5 14 19 33 43 46
-3.5 83
-4.0 1
4.0 94
-4.5 18 22 24 52
4.5 21 99
5.0 35
5.5 29 93
-5.5 36 76
6.0 2 10 32 54
-6.0 60
6.5 34
-6.5 87
7.0 9
-7.0 25 59 65
7.5 70
-8.0 82
-8.5 48
-9.0 4
10.5 86 96
-11.0 8
11.0 85
-13.5 63
-14.0 77
15.0 31
-20.5 98
-21.5 41
22.5 68
-22.0 88
25.5 3
-25.5 67
26.5 50
28.0 75
-31.5 66
-35.0 26
-38.5 62
40.0 56 84
-50.5 44
-52.5 72
55.0 6
57.5 74
68.0 49
0.5 5 51 64 73 90
-0.5 28 30 38 91
-1.0 58 71
1.0 61
-1.5 79
