-2.0 11 20 42 79 80 92
0.0 15 39
2.0 89
-2.5 0 7 40 71
2.5 69
3.0 14 37 43 57
-3.0 55
-3.5 1 45 47
3.5 19 23 33 46 81 94 97
-4.0 18 52 83
4.5 21
-4.5 22 24
5.0 2 29 32 54 99
-5.0 65
-5.5 25 36 76
6.0 35
-6.0 59 87
6.5 10 93
-6.5 60
7.0 34
7.5 9
-7.5 16
-8.0 48
-9.0 4
9.5 70
11.0 86 96
-11.5 82
11.5 85
-13.0 8
-13.5 63
-15.0 77
16.0 31
-18.0 98
-21.5 41 88
22.0 68
23.5 50
-28.0 67
29.5 3 75
-29.0 66
-32.5 26
39.5 56
-38.0 62
41.0 84
-52.5 44
52.0 74
-54.0 72
56.5 6
66.0 49
-0.5 30
0.5 58 61 64 73
1.0 5 51 78 90
-1.0 13 27 28 38 91
1.5 12
-1.5 17 53 95
