-2.0 11 27 40 42 80
2.0 12 57 69 89
0.0 13 15 39 78
-2.5 0 7
2.5 14 97
-3.0 1 47 65
3.0 19 43
-3.5 18 55 71
3.5 32 37 46
-4.0 22 25 45 52 83
4.0 23 33 81 94
4.5 2 21 54 99
-4.5 59
-5.0 24 36 76
5.0 29
-6.0 87
6.5 10 34 35
-7.0 60
-7.5 16 48
7.5 93
-8.5 4
8.5 9
11.0 70 86 96
-11.5 63
12.5 85
-14.0 77 98
14.5 56
-15.0 8
15.5 31
-16.0 88
-18.5 82
-21.5 41
21.0 50
-26.5 26 67
26.5 68
28.0 75
-30.0 66
32.0 3
-37.0 62
45.5 84
-50.0 44
50.5 74
53.5 6
-54.0 72
68.5 49
-0.5 28 58 95
0.5 61 64 73
1.0 5 51
-1.0 30 53 91
-1.5 17 20 38 79 92
1.5 90
