-2.0 7 17 38 40 80
2.0 12 14 32 90
0.0 15 39 61 65 73
-2.5 11 20 53
2.5 19 89 97
-3.0 0 1 18 25 47 55 59
3.0 43 46 56 58
3.5 33 37
4.0 2 54 94
-4.0 22 45 83
4.5 21 29
-4.5 36 52 71
-5.0 24 76
5.0 81 99
-5.5 87
6.0 34 93
6.5 10 70
7.0 35
-7.0 60
7.5 9
-7.5 48
-8.5 4 16
-9.5 63
10.5 86 96
-10.5 88
-14.5 8 77
-15.5 98
16.0 31
16.5 85
-19.0 41
-21.0 82
-22.5 26
23.0 50
-23.5 67
24.5 68
26.5 75
-29.0 66
35.5 3
-35.0 62
-46.5 44
47.5 74
46.0 84
55.5 6
-56.0 72
66.0 49
0.5 64
1.0 5 23 51 57 95
-1.0 27 28 30 78 91 92
1.5 13 69
-1.5 42 79
