-2.0 7 11 25 38 79 80
2.0 13 14 90 95
0.0 15 39
-2.5 0 18 20 40
2.5 19 65 89
-3.0 1 47
3.0 2 46 56 97
3.5 33 43 54
-3.5 55 78
4.0 37 94
-4.0 52
4.5 21 29 99
-4.5 22 36 45 83
-5.0 24 71 87
5.0 34
5.5 70 81 93
-5.5 76
6.5 9 10
-7.0 48
7.5 35
-7.5 60
-8.5 4
9.0 96
-9.5 16 63
-10.5 88
11.0 86
-11.5 8
-14.5 98
-15.5 77
16.0 85
18.5 31
-20.0 26
-21.0 41 82
-22.0 67
23.0 50 68
-27.5 66
29.5 75
36.5 3
-36.5 62
-46.5 44
46.5 74
47.5 84
-57.0 72
58.0 6
67.0 49
0.5 5 27 58 64 73
-0.5 28 92
1.0 23 32 51 61
-1.0 30 57 91
1.5 12 69
-1.5 17 42 53 59
