-2.0 7 11 17 25 27
2.0 12 19
0.0 15 39 59 92
-2.5 0 20 38 40 57
2.5 2 89 90
-3.0 1 47
3.0 13 46 54 95 97
3.5 34 43 56 94
4.0 9 29 33 37
-4.0 22 36 55
4.5 21 65
-4.5 52 83 87
-5.0 24 45
5.0 99
-5.5 71 76
6.0 10
-6.5 48
6.5 81
7.0 96
-7.5 8
7.5 35
-8.0 4 16 60 63 78
10.0 93
10.5 70
-10.5 88
-11.0 77
12.5 85 86
-15.5 98
-18.5 67
-19.0 26
19.0 68
21.0 31
-21.0 41
-21.5 82
-25.5 66
28.0 50
30.0 75
34.5 3
-37.5 62
-45.0 44
45.0 74
48.5 84
-55.0 72
56.0 6
68.5 49
0.5 5 61 64 73
-0.5 28 32
-1.0 30 42 91
1.0 51 69
1.5 14
-1.5 18 23 53 58 79 80
