2.0 2 12 19 34
0.0 15 28 39 92
-2.0 20
-2.5 0 11 25 40 58
2.5 54 89
-3.0 7 36 38 55
3.0 13 43 46 90 97
-3.5 1 47
3.5 33 56
-4.0 22 52 87
4.0 29 37 94 95
4.5 21 96
-4.5 57 83
-5.0 24 45 71 76
5.0 99
5.5 9 10
6.0 65
-6.5 48 63 78
6.5 81
-7.5 4
-8.0 16 60 88
8.0 35
-10.0 8
11.0 70
11.5 85
-12.0 77
-13.0 98
-14.0 67
14.5 86
15.0 93
18.5 68
-19.5 26
21.0 31
-21.5 41
-21.0 82
-26.0 66
31.0 50
32.5 3
32.0 75
-41.5 44
-41.0 62
44.5 74
48.0 84
52.5 6
-56.5 72
67.5 49
0.5 5 23 51 64 69 73
-0.5 30 91
1.0 14
-1.0 18 42
-1.5 17 27 32 53 79 80
1.5 59 61
