-2.0 7 11 40 53 79
2.0 12 54 89
0.0 15 34 39 51 69
-2.5 0 20 32 36
2.5 97
3.0 13 43 59 90
-3.0 38 47 87
-3.5 25 27 55
3.5 29 33 46 56
-4.0 1 52
4.0 94
4.5 21 37 95 99
-4.5 22 71 83
5.0 10
-5.0 24
-5.5 45 63 76
-6.0 48
-6.5 57
6.5 65 81
-7.0 4 88
-7.5 16
8.0 35
-8.0 78
-8.5 60
-9.5 8
10.0 9 70
-12.5 67
12.5 85
13.5 93
-13.5 98
-15.0 77
15.0 86
17.5 68
19.0 31
-20.0 26
-22.5 82
-24.0 41
-25.5 66
33.0 3
33.5 50
34.0 75
-41.0 44
-41.5 62
42.0 74
47.5 84
49.0 6
-56.0 72
69.5 49
0.5 5 14 64 73 92
-0.5 18 23
-1.0 17 28 30 42 58 91
1.0 61
1.5 2 19 96
-1.5 80
