-2.0 11 20 34 36 40
2.0 12 89
0.0 15 18 28 39 61
-2.5 0 53 87
2.5 13 97
3.0 29 43 46 90
-3.0 32 47
3.5 33 56
-3.5 38 55 71
4.0 10 59 94
-4.0 22 52 63
-4.5 1 27 83
4.5 21 37 99
-5.0 24 25
-5.5 48 76
5.5 95
-6.0 45
6.0 65
-6.5 4 16
7.0 81
8.0 35
-8.0 57
-8.5 60
-9.0 78
9.5 70
-9.5 88
-10.5 8
11.5 93
12.5 9
-13.5 98
14.5 86
15.5 68 85
-17.0 67
-18.5 77
20.0 31
-22.5 26
-22.0 66
-23.0 82
-24.0 41
32.5 3
33.5 50
32.0 75
-41.5 44 62
42.5 74
45.0 84
49.5 6
-55.0 72
72.5 49
0.5 5 14 64 73 92
-0.5 42 51 69
1.0 2 23 58
-1.0 30 91 96
-1.5 7 17 79 80
1.5 19 54
