0.0 1 3 4 16 35 40 72 74 92
-2.0 12 21 87
2.0 57 79 90
-2.5 8 11 41 46 61
2.5 44 98
-3.0 25 48
3.0 47 91
-3.5 0 45 82 86
3.5 78
-4.0 5 23 26 53 80 97
4.0 34 60 69 71
4.5 22 38 55
-5.0 43 59 70
5.5 15
-5.5 77
6.0 96
6.5 30
-6.5 88
-7.0 2
-8.0 6
8.0 36
8.5 49 84
-9.0 14 52
10.0 33 65
-10.0 56
-10.5 19
-11.0 58
-11.5 62
12.0 42
12.5 32
-13.0 66
14.5 85
15.5 95
-20.5 83
-21.5 68
23.0 28 51
-27.0 9
-30.0 24
-32.0 17
-32.5 73
-33.5 76
-34.5 27
-34.0 89
41.5 99
52.0 75
54.5 50
-56.0 67
62.0 10
72.0 7
-73.5 63
-0.5 29 31
0.5 37 64 81 93
1.0 20
1.5 13
-1.5 18 39 54 94
