-2.0 11 20 23 40 87
2.0 13
0.0 14 15 39
-2.5 7 63 71
2.5 58 89
-3.0 0 32 47 55
3.0 29 46 70 90 97
3.5 10 33 43 56
-3.5 38 96
-4.0 22 34 52
4.0 94
4.5 21 37 99
-4.5 24 83
-5.0 48 76
5.0 59 65
-5.5 1
-6.0 4 45
6.0 95
-6.5 25 78
6.5 81
-7.0 27
7.5 35
-8.5 16 60
-9.5 57
11.0 93
-11.5 8
-12.0 88 98
13.0 86
14.0 68
15.0 85
15.5 9
-18.5 67
-21.0 26
22.0 31
-22.0 41
-23.5 66
-23.0 77
-24.5 82
28.0 75
31.0 50
34.5 3
41.0 84
-43.5 44
-43.0 62
44.5 74
55.5 6
-54.5 72
73.5 49
0.5 2 5 18 61 64 73 92
-0.5 28 42 91
1.0 19 54
-1.0 30 69 80
1.5 12
-1.5 17 36 51 53 79
