0.0 2 14 39 42
-2.0 11
2.0 12 70
-2.5 0 7 20 40 47 51
2.5 29 65 89
3.0 10 43 58 90
-3.0 32
3.5 33 46 97
-3.5 38 55
4.0 21 56 94
-4.0 22 52
-4.5 24 48 83
4.5 99
5.0 37
-5.0 76
-5.5 4 96
-6.0 1 34
6.0 59 81
-6.5 45
6.5 95
-7.0 16 27
-7.5 25
7.5 35
-9.0 60 78
9.5 93
-9.5 98
-10.5 8 57
-11.0 88
12.0 68
13.0 86
15.5 85
16.0 9
-17.5 67
-21.5 26
22.0 31
-24.5 77
-25.0 41
-25.5 66
25.5 75
-27.5 82
31.5 50
38.5 3
-40.0 44 62
42.0 84
47.5 74
-49.0 72
57.0 6
68.5 49
0.5 5 61 64 73 92
-0.5 15 28 30 91
1.0 13 18 19 23 54
-1.0 36 53 69 71 80 87
-1.5 17 79
1.5 63
