0.0 2 15 28 36 39 42 65 71 87
-2.0 11 20 40
2.0 58 63 89
-36.5 44
41.0 3
2.5 10 29 97
-43.0 62
-45.5 72
44.0 84
-3.0 0 32 47 51
3.0 90
51.5 74
56.5 6
3.5 33 43 46 70
-3.5 38 55
-4.0 22 24 48
4.0 56 94
69.0 49
4.5 21
-4.5 52 76 83
-5.0 4
5.0 37 99
5.5 81
-6.5 1 45 96
-7.0 16 27
7.0 35 59 95
-7.5 34
-0.5 13 14 23 30 91
-8.0 25
0.5 54 64 73 92
-8.5 78
-9.0 60 88
9.0 68 93
-9.5 98
-10.0 8
-11.0 57
14.5 86
1.0 5 19 61
-1.0 80
17.5 9 85
22.0 31
-22.0 67 77
-23.5 26
-1.5 7 17 53 69 79
1.5 12 18
-24.5 82
-28.5 41 66
28.0 50 75
