-2.0 7 13 32 53 69
2.0 10 29 58 63 89
0.0 15 39 42 73
-2.5 0 11 20 40 65
2.5 70
-3.0 23 47 55
3.0 90
3.5 33 43 46 97
-3.5 38
-4.0 16 24 48 51
4.0 56 94
-4.5 4 22 52 83
4.5 21 81 99
5.0 37
-5.0 76
5.5 93
6.0 35
-7.0 1 45 78 96
7.0 95
-7.5 25
7.5 59
-8.0 27 88
-9.0 34 60
9.5 68
-9.5 98
-11.0 57
12.5 86
-14.5 8
14.5 85
16.0 9
-20.0 67
21.0 31
-21.0 77
-23.5 26
24.0 50
-24.5 66
-25.0 82
-28.5 41
30.0 75
-36.0 44
42.5 3
-42.0 62 72
47.5 84
50.5 74
54.0 6
69.5 49
-0.5 2 14 28 30 80
0.5 5 36 54 64 92
1.0 19 61 87
-1.0 91
1.5 12 18 71
-1.5 17 79
