2.0 10 12 18 29 89
0.0 15 39 42
-2.0 17 40
-2.5 0 11 20 47 69
2.5 70
-3.0 7
3.0 43 46 71 90 93 97
-3.5 13 24 38 48 55
3.5 33
-4.0 4 78 83
4.0 56 81 94
4.5 21 99
-4.5 22 52
5.0 37
-5.0 51 65
5.5 35 63
-5.5 76
-6.5 25 96
-7.0 1 45 98
7.0 95
7.5 59
8.5 68
-9.0 60
-10.0 34 57
-11.5 27
11.5 86
-12.0 8
12.5 85
-12.5 88
13.5 9
-20.0 67
21.0 31
22.5 50
-22.5 77
-24.5 26
-26.0 66
29.0 75
-31.5 41
-31.0 82
-39.0 72
-41.0 62
-43.0 44
44.0 3
48.5 6
48.0 74 84
68.0 49
-0.5 2 28 80
0.5 61 64 73 92
1.0 5 19 23 36 54 58
-1.0 14 30 91
-1.5 16 32 53 79
1.5 87
