2.0 10 93
-2.0 11 20 40 53
0.0 15 23 39 92
2.5 18 43 46 87 89 90
-3.0 0 4 24 34 38 47 48 55 69
3.0 70 81 97
3.5 33
-3.5 78
4.0 56 68 71 94
-4.0 83
4.5 21 35 37
-4.5 22 52
-5.0 13 25 76
5.0 99
-5.5 96
-6.0 51
6.5 85 95
-7.0 1 65
7.0 63
-7.5 45
7.5 59
-9.0 57 60
-10.0 98
-11.5 8
12.0 9
13.0 86
-13.5 88
-15.0 27
18.5 31
-18.5 67
22.5 50
-22.5 77
-26.5 26
-27.0 66
-29.5 41
-29.0 82
31.0 75
-39.5 72
-40.0 62
43.5 3
-47.5 44
49.5 84
51.5 6
50.5 74
68.5 49
-0.5 2 16 32 80 91
0.5 42 58 64 73
1.0 5 19 54 61
-1.0 14 28 30
-1.5 7 17 79
1.5 12 29 36
