-2.0 7 11
2.0 12 36
0.0 15 34 39 80
33.0 75
-2.5 0 4 20 40 48 78
2.5 10 18 43 63 89 90 97
-41.0 72
-42.5 62
44.5 3
-3.0 24 38 47 55 69
-48.0 44
52.5 74
53.0 84
55.5 6
-3.5 16 25 96
3.5 33 35 46 87 93
4.0 21 70 94
67.0 49
-4.0 52 83
-4.5 22 76
4.5 37 56 71 99
-6.5 13 51
6.5 95
-7.0 1
7.0 59
-7.5 57 65
-0.5 2 28 30 92
0.5 5 42 61 64 73
-8.0 45
-9.0 60
-9.5 98
10.5 9
-13.0 8
13.0 86
-13.5 88
-1.0 23 58 91
1.0 32 85
-20.5 27
20.0 31
22.5 50
-22.0 67
-1.5 14 17 53 79
1.5 19 29 54 68 81
-25.5 77
-27.0 26
-27.5 82
-28.5 66
-30.5 41
