0.0 2 34 39 61 80
2.0 12 32 54 90
-2.0 20 48 53
-2.5 0 7 11 24 25 38 40
2.5 18 35 36 70 94
3.0 10 43 89 97
-3.0 47 55 58
3.5 33
-3.5 69 83
4.0 46
4.5 21 37 56 87 99
-4.5 22 52 78
5.0 71
-5.0 76
-5.5 16 98
5.5 95
-6.0 57
-6.5 1
6.5 59 93
-7.5 51 65
-8.0 45
-8.5 13
-9.0 60
10.5 9
13.0 86
-14.5 8
-15.5 88
-17.5 27
20.0 31
22.5 50
-22.5 67
-24.0 82
-28.5 26
-30.5 66
-30.0 77
-31.5 41
33.5 75
-39.5 72
44.0 3
-44.5 62
-48.5 44
50.5 74
53.5 6
52.5 84
63.5 49
0.5 5 15 42 64 68 73 81
-0.5 28 91
1.0 29
-1.0 30 92
-1.5 4 14 17 23 79 96
1.5 19 63 85
