0.0 2 15 34 39 63 73 80
-2.0 7 11 17 24 25 38 40 79
2.0 12 64
-2.5 0 20
2.5 36 54 89 97
3.0 18
-3.0 47 78
3.5 10 32 33 43 46
-3.5 55 83
-4.0 52 57 69
4.5 21 37 56 99
-4.5 22 23 98
5.0 68 70 71 87 95
-5.0 76
6.0 59
-6.5 1 58 65
-7.5 16
-8.0 51
-8.5 45
8.5 93
-9.0 60
9.5 9
-9.5 13
14.0 86
-15.5 8
-16.0 27 88
23.5 31
23.0 50
-24.0 82
-25.0 67
-27.0 26
-27.5 77
32.0 75
-34.5 41
-34.0 66
-39.0 72
44.0 3
-45.0 62
-49.5 44
50.0 74
52.0 84
54.5 6
68.5 49
-0.5 30 81
0.5 42 61
-1.0 4 28 91 92
1.0 5 29 85 94 96
-1.5 14 48 53
1.5 19 35 90
