2.0 5 13
-2.0 8 12 21 80 84 95
0.0 16 25 29 35 39 40 49 56 60
-2.5 1 41 48
2.5 3 19 66 90 98
3.0 20 37 44 47
-3.0 36 64 86
-3.5 0 93 99
3.5 34 38 69 76
-4.0 2 23
4.5 22 57
-4.5 53 82
5.0 55 71
-5.5 26 70 77
6.0 11
-8.0 61
8.0 88
-8.5 24 52
8.5 33
-9.0 46
9.0 97
10.0 87
-11.5 17
-12.0 14
-14.0 59
15.0 94
-16.0 28
-17.5 89
19.5 10
-20.0 78
-22.5 9
-26.5 27
-26.0 83
-29.0 68
31.5 32
-31.5 42
35.5 51
-37.0 67
-42.0 73
47.0 85
49.5 4
-49.5 63
52.5 75
54.0 7
-57.5 45
69.0 50
0.5 6 30 43 62 65 72 74 96
-0.5 31 79 91
1.0 81
-1.0 92
-1.5 15 18 54
1.5 58
