2.0 13 20 96
-2.0 14 41 60
0.0 16 35 40 94
2.5 3 49 90 98
-2.5 8 12 21 26 78
3.0 4 44 91
-3.0 48
-3.5 0 45 70 71
3.5 34 47 65
4.0 15 69 72
-4.0 23 25 36 61 80 87
4.5 22 38 79
-4.5 53
-5.0 6 58 77
5.0 33 51
-5.5 2 43 88
6.0 30 97
-6.0 82
-6.5 5
-7.0 11 52
7.0 55
7.5 84
-8.5 56
-9.0 19
-11.0 62
-12.5 59
13.0 42
-13.0 66
14.0 32
-14.0 83
20.0 28 85
22.0 95
-25.0 76
-26.5 68
-27.5 24
-28.5 9 17
-29.0 73
-33.5 89
34.5 99
-38.5 27
-47.0 67
54.5 75
57.0 10
56.0 50
71.5 7
-78.0 63
0.5 1 37 39 64 74
-0.5 29 31 81
-1.0 92
-1.5 18 46 54 93
1.5 57 86
