-2.0 8 12 36 41 54 87
2.0 13 39 90
0.0 16 35 40 70 74 88 91
2.5 3 98
-2.5 21 97
3.0 4 30 47 55
-3.0 45 48 82
-3.5 0 2
3.5 34 38 44
4.0 20 65 69
-4.0 80
4.5 22
-4.5 23 25 53 83
-5.0 6 67 77
5.0 84
-5.5 19 43 93 96
5.5 85
-6.5 71
-7.0 33 61
-8.0 11
-9.0 5
-9.5 76
10.0 51
-10.0 60
10.5 42 49
-11.5 66
-12.5 78
-14.5 24
-15.0 17
15.5 32
18.5 28
20.5 95
-21.5 59
23.5 99
-24.0 62
-29.0 63
-31.0 73
-32.0 9
-32.5 89
-38.0 68
-41.5 27
54.5 75
56.5 50
58.0 10
78.0 7
0.5 1 37 64 79
-0.5 29 46 52
1.0 26 56 57 58
-1.0 31 86 92 94
1.5 14 15
-1.5 18 72 81
