0.0 11 16 35 40 52
-2.0 12 21 41
2.0 13 56
32.0 28
-37.5 89
-38.5 27
-2.5 8 25 72 81
2.5 36 70 79 90
-41.0 73
-43.5 68
3.0 26 44 98
-3.0 45 48 87
55.0 75
-3.5 0
3.5 4 34 47 69
58.5 10
62.0 50
-4.0 17 23 80 91
4.5 22
-4.5 43 53 55
-5.0 67 77
5.0 82
84.0 7
5.5 20
-5.5 60
-6.5 2 6 78
6.5 88
-7.0 93 96
-7.5 5 24
7.5 32 83
0.5 1 37 57 64 74 92 97
-0.5 3 19 29
-8.0 94
-8.5 66
-9.0 14 58 61 71
10.5 42 63
-11.5 76
15.0 86
-1.0 15 30 31 39 46 65
1.0 51
18.5 49
18.0 99
-1.5 18 33 54 85
1.5 38 84
-26.5 59
26.0 95
-27.0 9
-31.0 62
