-2.0 8 12 21 24 54 84
2.0 13 41
0.0 16 27 35 40 83 96
-2.5 5 46 58 81 85
2.5 19
3.0 36 44 98
-3.0 43 48
-3.5 0 3 39 45
3.5 4 34 47
-4.0 2 80
4.0 26 69 72
4.5 20 22 56 60 70
-4.5 23 33 53 66 91 93
-5.0 67
5.0 82
-6.0 6 52
-6.5 51
7.0 32
7.5 65
-8.0 55
-8.5 61
-9.0 94
9.5 88
-10.5 14
-12.5 71 78
13.0 42
-13.5 76
14.0 49
16.5 63
-22.0 59
22.5 99
-23.0 9
25.0 86
27.0 95
-35.0 62
40.5 28
-43.5 73
-42.5 89
49.5 10
-49.0 68
60.0 75
62.5 50
79.5 7
0.5 1 25 37 38 64 74 97
-0.5 17 29 30
-1.0 31 79 87
1.0 57 92
1.5 11 90
-1.5 15 18 77
