-2.0 12 21 39 54 81 91
2.0 13 20 38
0.0 16 26 35 40 74 77
-2.5 8 14 65 72 82 85 97
2.5 19 41
3.0 5 44 47 51 98
-3.0 17 48
-3.5 0 45 87
3.5 25 34
4.0 4 69 79
-4.0 23 80 84
-4.5 2 53 56
4.5 22 32
-5.0 46 67
5.0 70
-5.5 3
5.5 24 60 83
-6.0 11
-6.5 61
6.5 96
-7.0 6
7.0 27 88
-8.0 33
8.0 49
-8.5 52
-9.0 78
-10.5 59
-11.0 94
12.0 63
-13.0 55
-13.5 76
-16.0 71
-18.5 9
20.5 42
-21.0 68
21.5 86 95
26.0 99
-35.0 89
45.0 10
-45.5 62
-44.0 73
51.5 28
56.0 75
61.5 50
68.5 7
0.5 1 15 37 64 92
-0.5 29 30 36 58 66 93
-1.0 31 43
1.0 90
-1.5 18
1.5 57
