-2.0 12 26 72 85
2.0 13 77 91
0.0 16 35 40 43
-2.5 8 21
2.5 41 57 66 98
3.0 15
-3.0 45 48
-3.5 0 52
3.5 25 34 44 47 69 96
4.0 4 38 70 83
-4.0 61 80
4.5 22
-4.5 23 53 60 84
-5.0 3 36 67 97
5.0 27
6.0 14 32 49
-6.0 82
-6.5 2
6.5 65
-7.5 46 56 59
-8.5 11 68
-9.5 58 76
10.0 51
-10.5 78
-11.5 87 94
-12.0 17
12.5 79
15.5 42
-16.0 33
16.5 86
-17.0 6
17.0 95
-18.5 71
-20.5 55
20.5 63
-21.5 9
21.5 99
-34.5 89
-39.0 73
46.0 10
57.0 7
-57.0 62
59.0 28
61.0 75
64.5 50
0.5 1 37 64 74 88 92 93
-0.5 19 24 29 30
1.0 20 39 90
-1.0 31 81
-1.5 5 18 54
