-2.0 12
2.0 13 39 81
0.0 16 35 40 43
-2.5 1 8 21 41
2.5 49 64 90 98
3.0 25
-3.0 48
-3.5 0 26
3.5 11 34 44 47
-4.0 52 53 72 91
-4.5 14 23
4.5 22 56 57 69
-5.0 2 82
5.0 20
-5.5 61 77
-6.0 58
6.5 5 65
-6.5 96
7.0 3 33 55
-7.0 79 93
-8.0 70
-8.5 36
9.0 88
-9.5 46 60
11.5 94
-12.0 28
-13.5 24
13.5 99
-14.5 95
-15.5 76 78
-16.0 9
-20.5 17
-21.5 89
-22.5 42
24.5 10
-24.5 59
26.5 32
-26.0 83
-28.5 27
-35.5 73
-36.5 68
46.5 51
-46.5 67
47.5 75 85
53.0 4
56.0 7
-56.5 63
-62.5 45
67.5 50
0.5 15 19 30 62 71 74
-0.5 29 86
1.0 6 37
-1.0 31 87 92 97
-1.5 18 54 66 80
1.5 38 84
