-2.0 12 21 83
2.0 13 70
0.0 15 16 35 40 92
-2.5 8
41.0 10
2.5 41 98
-43.5 89
45.5 75
-3.0 3 45 48 84 93 97
3.0 20 44 66 77 91
53.5 7
-3.5 0 2 5 24
3.5 34 47 57 69
64.5 28
64.0 50
4.0 72
-4.0 80 82
-68.5 62
4.5 22 26 38
-4.5 23 53 96
-5.0 19 67 88
5.0 42
-5.5 36
-6.0 4
7.5 49
0.5 1 27 37 43 52 64 81 90
8.0 14
-0.5 29 30 31 51 58
8.5 79
-9.0 46
-10.5 60
-11.5 17
-13.0 59
-13.5 76
-15.5 33 68 94
1.0 32 65 74
16.5 86
-17.0 55
-18.0 56 71
-21.0 6
21.5 99
-22.5 78
-1.5 11 18 54 61 85 87
1.5 25 39
-25.0 9
-26.0 73
26.0 95
29.0 63
