2.0 4 11 13 65 66
-2.0 8 12 25 36
0.0 16 35 40 43 92
32.0 63
36.5 10
-2.5 21 58
2.5 41 98
43.0 7
-3.0 52 72
3.0 77
-48.5 89
3.5 0 34 38 44 47 87
-3.5 5 45 60
-59.0 62
65.5 28
4.0 57 69
-4.0 73 80
4.5 22
-4.5 23 26 53
72.5 50
5.0 20
-5.0 59 67
-5.5 2 48 71
6.0 74
-6.0 82 88
-6.5 42 51 93
-7.5 96
0.5 1 37 64 84 90 91 97
-0.5 3 29 30 32
8.5 49
-8.5 78
-9.0 19
-9.5 46
-14.0 6
-14.5 55
-15.0 33
-15.5 68
-1.0 14 27 31 61 70 85
1.0 15
-18.0 94
19.0 86
-20.0 76 83
-1.5 17 18 24 39 54 75
1.5 79 81
25.0 99
-26.0 9
-28.5 56
31.0 95
