-2.0 8 12 21 39 54 75 85 88
0.0 16 24 35 41 73
2.0 27 36 81
2.5 14 77 98
-3.0 4 45 61
3.0 44
-3.5 5 91
3.5 32 34 47
4.0 69 84
-4.0 80
4.5 22 26 51 57
-4.5 23 25 53 70
-5.0 11 59 67
5.0 71 79
-5.5 2
5.5 20 65
6.0 60
-6.0 93
8.0 0 74
-8.0 46
-8.5 52
-9.0 58
-10.5 19 83
-12.0 48
-12.5 68
-14.0 94
-17.0 42
-18.5 55
-19.0 6
20.5 86
-22.5 89
-23.0 33
-25.5 56
-26.0 76
-27.5 9
33.5 95
37.0 99
41.0 10
42.0 63
-49.0 62
53.5 7
55.0 28
85.0 50
-0.5 29 30 66 72 82
0.5 37 64 90 92 97
1.0 1 3 17 87
-1.0 31 43 96
1.5 13 38 49 78
-1.5 15 18 40
