-2.0 12 54 65 92
0.0 35 39 87
2.0 81
-2.5 8 21 40 85
2.5 59 98
3.0 20 36 44 96
-3.0 43 45 97
-3.5 2 4 5 41
3.5 34 47 71 72
4.0 60 69
-4.0 80
4.5 22 57 88
-4.5 23 25 49 53 66 89
-5.0 67 91
5.0 82
-5.5 61
-6.0 15 46 52 68 93
-6.5 17 27 75
-7.0 70
7.0 84
8.0 32
8.5 0
-8.5 19 24
-9.0 11 55
9.0 78
9.5 14 51
-10.5 48
11.5 26
13.0 79
-15.5 94
-16.0 6
-16.5 42
-18.0 83
-20.5 76
21.5 74
-25.5 33
25.5 86
-27.0 56
29.5 99
-30.5 9
38.5 63
38.0 95
40.0 10
47.5 28
-49.5 62
67.5 7
85.0 50
0.5 1 37 38 64 73
-0.5 3 29 30 31
1.0 16 58 90
1.5 13 77
-1.5 18
