-2.0 8 12 21 25 54
2.0 13
0.0 35 37 39 52 77
-2.5 11 40 91
-3.0 3 45 85
3.0 44 96 98
-3.5 5 46
3.5 34 47
4.0 69 87
-4.0 72 80
-4.5 19 23 43 49 53 58
4.5 22 57 82
-5.0 15 67 97
5.5 4 68
-6.0 17
-6.5 2
-7.0 60
7.0 65
8.0 26 88
-8.0 61
8.5 32 41 84
-8.5 48 66 70
9.0 79
-9.5 27 89 93
-10.0 76
-10.5 6
11.0 59
-11.5 55
12.5 71
-14.0 83
14.5 0
-20.5 94
21.5 99
-22.0 24
-23.5 9
-25.5 33
-28.0 56
28.0 74
30.0 86
-31.0 42
38.5 10
40.0 63
44.0 28
44.5 95
-47.5 62
59.5 7
79.5 50
0.5 1 64 73 75 90 92
-0.5 30 31 36
1.0 16 78
1.5 14 20 38 81
-1.5 18 29 51
