-2.0 12 21 54 77
2.0 13 20
0.0 19 35 39 81
-2.5 8 40 97
2.5 11 87 98
3.0 44 96
-3.0 45
-3.5 5 17
3.5 34 38 47 57
4.0 32 69
-4.0 53 80
-4.5 2 23 26 36 49 85
4.5 22
-5.0 3 67 75
5.0 41 71
5.5 4
-5.5 43 48 89
-6.0 51
-7.0 29
7.5 59
-8.0 58
8.0 84
-8.5 70 78
-9.0 61
-10.0 60
10.5 79
-11.0 93
-11.5 66
-12.5 15
13.0 65 68
14.5 88
-15.0 9
-16.5 6
16.5 99
-17.0 55 83
-19.0 56
-21.0 94
-22.5 24
24.0 0
-25.0 33
-27.5 42
29.5 28
30.5 10
33.5 74 86
-45.5 62
44.5 63
57.0 95
61.5 7
68.5 50
-0.5 14 30 52
0.5 27 37 64 72 73
1.0 1 16 25 90
-1.0 31 82
-1.5 18 46 76 92
1.5 91
