-2.0 8 12 48 54
2.0 13
0.0 32 35 39
2.5 19 57
-2.5 21 40 59
3.0 47 72 91 96 98
-3.0 58 77
-3.5 5 11 45 78
3.5 34 44 69 71
4.0 20 93
-4.0 75 80 87
-4.5 2 23 49 53
4.5 22 38
-5.0 67 85
-5.5 3 36 43 92
5.5 51
6.0 25 76 84 99
-6.5 41 52 82
-7.0 17
7.0 50
-7.5 70 89
8.0 4
-8.0 61
8.5 14
-8.5 15
9.0 79
-11.0 6
-12.0 26
-13.0 66
13.5 68
-15.0 56
18.5 27 88
-19.0 9
-21.0 42 55
-21.5 83
22.0 65
-24.5 94
25.5 28
-28.0 24 33
29.0 10
36.0 74 86
38.5 0
47.5 63
-50.0 62
65.0 95
70.0 7
-0.5 29 31 46
0.5 37 64 73
1.0 1 16 90 97
-1.0 30 60
-1.5 18 81
