2.0 4 13 19
-2.0 12 40
0.0 35 39 75
-2.5 21 36 81
2.5 84 98
3.0 8 47 96
-3.5 3 5 58 77
3.5 34 38 79
-4.0 59 72 80
4.0 69
4.5 22
-4.5 23 43 49 53
5.0 14 25 71 89
-5.0 61 67 70 85
-5.5 2
5.5 20
-6.0 82
6.0 99
-6.5 87
7.0 60
-7.0 92
-7.5 17 29
7.5 78
-8.0 52
-9.0 11
9.0 51
-11.5 6
11.5 93
12.0 76
-12.5 42 66
14.0 88
-16.0 26
17.5 28 68
17.0 65
18.5 27
19.0 50
-19.5 56
-20.5 94
-22.0 9
-23.5 55
-24.5 83
26.0 10
-29.0 24
-30.0 33
36.0 0
39.5 86
-40.0 62
40.0 74
50.5 63
66.5 7
67.0 95
0.5 1 15 32 37 44 64 73 90 97
-0.5 30 31
1.0 16 48 91
-1.0 41 45 46
-1.5 18 54
1.5 57
