-2.0 12 14
2.0 13 36 71
0.0 35 39
2.5 31 98 99
-2.5 40 46 61 81
-3.0 43 51 77 87 91
3.0 96
-3.5 4 5
3.5 34 47 48
-4.0 11 80
4.0 69 79 84
4.5 20 22 97
-4.5 23 44 49 53 92
-5.0 2 25 67 85
-5.5 21
5.5 32
6.0 15 59 78
-6.0 42 58
-6.5 6 52
6.5 8
-7.0 75
7.0 89
9.5 41
-10.0 66
12.0 28
13.0 65
15.0 93
15.5 88
-17.0 33
18.5 50
-19.5 94
21.5 27
-21.0 56
-22.0 26
23.5 76
24.5 68
-25.5 55
27.0 10
-28.0 24
-29.5 9
-29.0 83
-32.0 62
37.0 86
40.0 0
45.5 74
48.0 63
58.0 7
61.5 95
0.5 1 17 37 64 73 90
-0.5 3 30
1.0 16 57
-1.0 19 29 82
-1.5 18 54 70
1.5 38 45 60 72
