-2.0 12 40 77
2.0 13 41
0.0 20 35 39 58
2.5 11 72
-2.5 81
3.0 36 87 96 98
-3.5 5
3.5 47 69
-4.0 80
4.5 22 48 82
-4.5 49 53 85
-5.0 2 25 44 46 51 67 91
5.0 99
5.5 14 15 34
-5.5 19 78
-6.0 66
6.0 89 93
-6.5 29
-7.0 23
7.0 88
-8.0 4
8.5 8
-8.5 33 60
9.0 32 79
-10.0 31
10.5 28
-11.5 42 52
11.5 59
-12.0 21
-13.5 71
17.0 50
18.5 65
-18.0 94
-19.5 56
-27.5 55
-28.5 62
29.0 27
30.0 10
-30.0 26
32.5 0
32.0 68
34.5 76
-35.0 83
-40.5 9
42.0 63
45.0 74
46.5 86
52.5 7
68.5 95
-0.5 30 84 92
0.5 37 38 57 64 73 90
1.0 1 3 16 17 24 97
-1.0 43 61 75
1.5 6 45 70
-1.5 18 54
