-2.0 12 54
2.0 14
0.0 16 35 39 40 62 97
-2.5 1 8 21 41 61 65
2.5 30 81 82 90 98
3.0 15 44 47 94
-3.0 48
-3.5 0 37 42 87
3.5 11 34 72
-4.0 19 23
4.0 25 55
4.5 22 57
-4.5 53 91
-5.0 77
5.0 84
5.5 20 28 88
-6.0 26 93 96
-6.5 2 36 66
7.0 3 5
-7.0 58
-7.5 60
-8.5 46
-9.0 70
-9.5 95
10.0 69
10.5 71
-11.5 86
-12.5 9
15.0 64
-17.5 17 83
-18.0 78
18.5 99
-19.5 59
21.0 49
-21.0 68
-23.5 24
-27.0 89
-29.5 73
-29.0 76
33.0 10
32.0 32
-38.5 27
-40.0 67
43.0 51
45.5 4 85
50.5 75
56.0 7
-59.5 45
60.0 50
-63.5 63
0.5 6 38 52 56 74
-0.5 29 31
-1.0 43 92
1.5 13
-1.5 18 33 79 80
