0.0 3 35 36 39 43 52 72 92
-2.0 12 29 61 66 75
-2.5 11 20 40
2.5 98
-3.0 91 97
3.0 96
-3.5 5
3.5 24 47
-4.0 34 80 88
4.0 69 70 79
4.5 22 48 59 82
-4.5 49 53
-5.0 2 58 67 85
5.0 89
6.5 10 51 99
7.0 32
-7.0 41
7.5 6 50
-7.5 17 46 78
8.0 14 93
-8.5 4 60
8.5 87
-9.0 25
9.5 15
-9.5 19
-10.0 23
-10.5 33
11.0 28
11.5 8
-13.0 44
-15.5 56
-17.5 42
-17.0 84
-18.5 21
-20.5 55
-22.5 62
-23.5 31
-24.5 71
-25.0 26
26.5 65
-26.5 94
30.0 0
31.5 68
-38.0 9
41.0 27
41.5 63
-41.5 83
43.0 74
45.0 76
56.5 7
63.0 86
75.0 95
0.5 1 37 64 73
-0.5 77
1.0 16 57 90
-1.0 30
1.5 13 38 45
-1.5 18 54 81
