-2.0 12
2.0 13 32 41
0.0 35 39 72 81
-2.5 3 20 40
2.5 10 25 61 99
3.0 47 96 98
-3.0 92
-3.5 5
3.5 38 48
-4.0 28 80
4.0 52 69
4.5 22
-4.5 36 49 53 59 85
-5.0 2 29 67
5.0 70
-5.5 4
5.5 50
-6.0 44 89
-6.5 17 42 75
8.0 51
-8.0 62
-8.5 34
-9.0 11 46
9.0 87
10.0 8
10.5 15 93
-10.5 19 88
11.0 6
-15.5 26
-16.5 97
-17.5 56
-18.5 33 55
19.0 0
-22.0 23
-25.0 71
-26.0 31 94
-26.5 84
-29.0 21
35.0 63
34.0 65
37.5 7
-38.0 9
41.5 27 68
42.0 74
43.5 76
-43.5 83
64.0 86
75.5 95
0.5 1 37 43 64 73 78
-0.5 30 82
-1.0 14
1.0 16 66 90 91
-1.5 18 54 79
1.5 24 45 57 58 60 77
