0.0 4 35 39 72
-2.0 7 12 20
2.0 13 14
2.5 10 57 77
-2.5 40
3.0 34 66 91 96 98
-3.5 5
3.5 47 69
-4.0 29 51 80
4.0 87
4.5 22 38 61 99
-4.5 49 53 62 85
-5.0 2 3 11 67
5.0 70
-5.5 17 36
-6.0 82
-6.5 28
7.0 60
-7.0 92
-8.0 19 44 71 89
8.0 93
-8.5 52
9.0 25
-9.0 55
9.5 41
-9.5 46
-11.0 88
13.5 6 50
14.5 58
15.5 8
-16.5 33
-17.0 42
-20.0 56
-22.0 26
-23.5 31
-24.0 97
-25.5 23
-31.5 84 94
-35.0 83
-37.0 9
-36.0 21
39.5 27
38.5 74
41.0 63
45.0 65
49.0 68
51.5 76
69.0 86
76.5 95
-0.5 0 30 32 43
0.5 15 37 54 64 73 75
1.0 1 16 48 81 90
-1.5 18 24 59 79
1.5 45 78
