-2.0 7 12 20 48
2.0 11 32 34 71 81
0.0 15 35 37 39 72
2.5 10 98
-2.5 17 36 40 87
-3.0 29
3.0 47 66 70 77 96
-3.5 5 19
3.5 57 69
4.0 38 54
-4.0 80
4.5 22
-4.5 24 49 51 53 85
5.0 1 4
-5.0 2 67 75
-5.5 3 28
6.0 62
-6.5 82 92
6.5 99
-8.0 9 46
8.5 25 59
9.5 14 93
-10.0 52
11.0 61
12.0 6 8
-12.5 0
-13.0 42
-15.0 44 55
-16.0 31
-17.5 26
19.0 58
23.5 50
-24.5 33 88
-25.0 23
-28.0 97
-29.0 21
-29.5 94
-30.0 56
32.0 27
33.0 65
-32.0 84
36.0 74
-37.0 83
41.5 76
50.0 63
58.5 68
72.5 95
81.0 86
-0.5 30 41 43 60
0.5 64 73 90
1.0 16
-1.0 89
1.5 13 45 78 91
-1.5 18 79
