2.0 6 13 14 36 38
-2.0 7 12 20
0.0 15 39 72
2.5 10 61 81 98
-2.5 40 91 92
3.0 52 77 96 99
-3.5 5
3.5 47 69
4.0 1 57 89
-4.0 3 75 80
4.5 22
-4.5 24 49 53
-5.0 2 48 67 85
5.0 62
-5.5 17
5.5 86
-6.0 29 46 71 87
-6.5 41
6.5 51
7.0 4 32 54
7.5 9
-7.5 28
-9.0 31 34
-10.0 60
10.5 59
13.0 8
-15.0 44
15.0 93
-15.5 26
-16.0 0 55
-18.5 84
-19.5 42
-19.0 56
19.5 65
20.0 25
-23.5 33
-24.5 23
26.5 27
26.0 58
-26.0 88
-28.0 94
-30.0 21
34.0 50
35.5 74
-39.5 97
-42.5 83
51.5 76
56.5 63
58.5 68
79.0 95
0.5 19 37 43 64 70 73 90
-1.0 11 30 35
1.0 16 66
-1.5 18 79 82
1.5 45 78
