-2.0 7 12 20 34 61 89
2.0 13 77
0.0 15 39 72 75
-2.5 1 24 40 62 66
2.5 10
3.0 17 19 36 96 98
-3.0 31 70
-3.5 5 46
3.5 47 99
-4.0 53 80
4.5 22 54 57 82
-4.5 28 49 69 87
-5.0 2 67 85 91
5.0 41
5.5 4
6.0 6
-6.0 11
-6.5 71
-7.0 60
7.5 9
-8.0 48
-8.5 35
-9.0 0
9.0 32
-11.5 44
12.0 8
-13.0 26
13.5 93
-18.0 55
-21.5 84
-21.0 94
-22.0 42
22.5 65
-23.0 56
-24.0 23
-24.5 88
-26.5 21
-26.0 97
27.5 25
-27.5 33
29.5 27
34.5 58
40.0 50
42.5 74
-47.5 83
51.0 68
53.5 63
56.0 76
74.5 95
-0.5 30 51
0.5 37 38 64 73 90 92
-1.0 3 14 86
1.0 16
-1.5 18 29 79
1.5 43 45 52 59 78 81
