-2.0 12 20
2.0 13 19 43
0.0 15 36 39 72
2.5 0 10 71 98
-2.5 7 40
3.0 96
3.5 6 47 60
-3.5 91
-4.0 5 80
4.0 94
4.5 22 57
-4.5 49 53 85
-5.0 2 59 67
5.0 82
5.5 32 34 93
-5.5 69 70
-6.0 11
-6.5 51 66 89
-7.0 29 35 75
7.0 61 99
8.0 14
-8.0 17 28
8.5 41
9.0 1
-9.0 62
10.0 86
-10.5 48
-11.0 52
-12.0 44
12.5 8
-13.0 84
-17.0 97
-19.5 55
20.0 9
-20.5 26
-20.0 88
-24.0 42
30.5 27
30.0 65
31.0 50
33.5 58
-35.5 21 33
34.5 25
34.0 68
-36.5 23
-37.0 56
36.0 74
52.0 76
59.5 95
-61.0 83
62.5 63
-0.5 30
0.5 31 37 64 73 77 81 90
1.0 3 4 16 24 54 87
-1.0 92
-1.5 18 46 79
1.5 38 45 78
