-2.0 7 12 20
2.0 13 70
0.0 15 39 72 82
-2.5 1 40 89
2.5 10 98
-3.0 41 99
3.0 54 96
3.5 24 38 47 94
-4.0 5 80
-4.5 4 36 49 53
4.5 22 57
-5.0 2 67 85 92
5.5 14
-5.5 17 34
6.0 60
6.5 93
-7.0 52 55
-7.5 71
7.5 87
8.5 6
-8.5 51
9.0 61
-10.0 62
10.5 8
-10.5 66
-12.0 45 48
-13.0 44
13.0 86
-14.0 42
-14.5 97
-17.0 28
-18.5 11
-20.0 26 88
22.5 9
28.0 74
30.0 50
34.0 58
36.5 27
37.0 68
-38.5 21
39.0 25
38.5 65
-40.5 33
-42.0 23
-50.5 56
53.5 76
-62.5 83
63.5 95
67.5 63
0.5 3 32 35 37 64 73 90 91
-0.5 19 29 30 46
-1.0 0 75 81 84
1.0 16 59
-1.5 18 31 77 79
1.5 43 69 78
