-2.0 3 7 12 20 40 75 81
0.0 15 32 37 39 72
2.0 89
2.5 10 13 69 98
3.0 31 47 91 96
-3.0 51 60 77
-3.5 5 55
3.5 14 24 57
-4.0 53 80 84 99
4.0 94
4.5 1 22 38 52
-4.5 49
-5.0 2 41 67 85
5.5 19
-5.5 36 71
-6.0 0 82
6.0 17
6.5 86
7.0 35 54
-7.0 92
-7.5 29 34
-8.5 4
9.0 8
9.5 87
10.5 59
-12.0 42 48
-12.5 66
13.0 6
-15.0 26
16.0 61
-16.0 97
17.0 93
-19.0 45
-21.0 44 62
-24.0 11 88
-26.0 28
28.5 9
-31.0 83
33.5 27
34.5 74
36.0 50
-37.0 56
37.0 58
-38.5 21
38.0 68
42.0 25
-45.0 33
44.5 65
-47.0 23
58.0 76
66.5 63
64.5 95
-0.5 30
0.5 43 64 70 73 90
1.0 16
-1.0 46
-1.5 18 79
1.5 78
