-2.0 12 20 72
0.0 15 39
2.0 71 91
-2.5 7 14 40
2.5 8 10 57
-3.0 36 46
3.0 47 96 98
-3.5 5 55 77
4.0 32 38 61 94
-4.0 69 80 99
4.5 1 22 34
-4.5 3 13 49 53 84 85
-5.0 2 31 67 92
5.0 19
5.5 70
6.0 54 87
6.5 6 35
-6.5 75 82
7.0 41 83
8.0 89
-8.5 4
9.0 59
-10.5 60
-11.0 45 48
-12.0 42
-13.0 66
13.0 93
-14.0 26
-18.5 56
-20.0 28
21.0 9
-21.0 97
-22.0 11
-28.0 62
-30.5 88
-35.5 44
34.5 74
36.0 68
38.5 58
42.0 27
42.5 50
-45.5 21
-44.0 33
46.0 25
55.0 65
-59.0 23
62.0 76
66.0 95
72.5 63
0.5 0 37 51 64 73 90
-0.5 17 30 43
1.0 16 24
-1.0 29
-1.5 18 52 79 81 86
1.5 78
