-2.0 12 21 54 93
2.0 13 25 38 79 81
0.0 16 35 40 62
2.5 3 90 98
-2.5 8 41 52
-3.0 1 39 43 48
3.0 20 47 60
-3.5 0 2 6 78
3.5 34 44 57 94
4.0 5
4.5 22 30 95
-4.5 23 26 53
-5.0 77
5.5 15
-5.5 37
6.0 11 82
-6.0 46
-6.5 14
7.5 65 84
-8.5 19 70
8.5 97
9.0 87
-10.0 66
10.0 69
-10.5 56
11.0 28
-11.0 86
11.5 71
-15.5 9 68
-18.0 59
20.5 64
-20.0 83
-21.5 17
21.5 49
24.5 99
27.0 32
-29.5 24
29.0 51
-31.0 76
-32.5 73
34.5 85
-37.5 89
-38.5 27
43.5 10
45.5 4
47.0 50
-48.0 67
-55.5 45
59.0 75
62.0 7
-63.0 63
-0.5 29 31 72
0.5 74
1.0 36
-1.0 61 92
-1.5 18 80 88 91
1.5 33 42 55 58 96
