-2.0 7 12 17 20 91
0.0 8 15 34 39 73
2.0 38 54
2.5 10
-2.5 24 40
3.0 0 6 19 96 98
-3.0 1
-3.5 5 51 55 77 84
3.5 47
-4.0 28 80 82 99
4.0 94
-4.5 14 49 53 85
4.5 22
-5.0 2 4 45 46 60 67
-5.5 3
-6.5 29
6.5 89
7.0 41
-7.5 69
-8.0 71
8.5 32 83
-9.0 48
-11.5 66
-12.0 13 52
-13.0 72
-14.0 26
-14.5 31
-15.0 11
-17.0 56
17.5 93
21.5 9
-22.5 62
-28.0 97
29.5 68
33.5 58
-37.0 44
-38.5 88
40.5 74
44.5 25 27
-47.5 21
50.0 50
-54.5 33
-62.5 23
65.5 65
71.0 63
70.0 95
74.5 76
-0.5 30 35 43 87
0.5 37 61 64 90
1.0 16 18 75
-1.0 70 92
1.5 36 57 78 86
-1.5 42 59 79 81
