-2.0 7 17 20 84
0.0 15 39
2.5 10
-2.5 12 29 40 45 77
3.0 18 36 47 96 98
-3.0 69
-3.5 55
-4.0 3 5 52 71 80 99
4.0 94
-4.5 13 24 49 59 91
4.5 14 22
-5.0 2 41 67 85
5.0 43 60 70
-5.5 87
-6.0 48 81 82
6.5 93
7.0 6
-7.5 28 35 46
8.0 32 83
-8.0 66
-8.5 51
9.0 0 1
-9.0 62
-9.5 34
-12.5 11 26
12.5 86
-15.5 56
19.0 9
-22.0 72
-25.5 31
-30.5 44
30.5 68
33.5 58
-32.5 97
38.0 27
44.0 74
-45.5 88
53.5 25 50
-58.0 21 23
-60.5 33
60.5 65
61.5 95
66.5 76
82.0 63
0.5 4 37 38 61 64 73 92
-0.5 8 30
1.0 16 57 75 90
1.5 19 54 78 89
-1.5 42 53 79
