-2.0 7 12 17 40 53 79 82 93
2.0 13 19 70 89
0.0 15 39
-2.5 1 20 48 92
2.5 10 75
-3.0 41 49
3.0 43 69 96 98
-3.5 5 55
3.5 32 47
4.0 59 94
-4.0 66 80 84 99
4.5 14 22
-4.5 24 29 85
-5.0 2 67
5.0 8 52 60
5.5 4
-5.5 51 87
-6.0 26
6.0 54 83
-8.0 35
-9.0 46
-10.0 11
-13.5 56
19.0 9
-20.0 31
-22.0 28
-23.0 62
25.5 68
26.5 0
-26.5 44
27.0 58
28.5 27 86
-29.0 72
-31.5 97
40.5 74
-41.5 88
-48.0 23
-55.0 33
55.0 63
-56.0 21
56.5 50
65.0 25
66.0 65
66.5 95
69.0 76
-0.5 30 34
0.5 36 37 57 61 64 73 90
1.0 6 16
-1.0 77 81
-1.5 3 42 45 91
1.5 18 38 71 78
