0.0 15 26 37 39 51 66
-2.0 17 20
2.0 93
-2.5 7 12 18 40
2.5 10 83 89
3.0 6 43 96 98
-3.5 5 55 75
3.5 38 47 82 84
4.0 1 94
-4.0 36 67 80
4.5 19 22 34
-4.5 29 52 85
-5.0 2 14
5.0 49
-5.5 60
6.0 8 81
-6.5 13 42 92
7.0 54
7.5 4 63
-8.5 11
8.5 41
-9.0 71
-9.5 46
11.0 68
11.5 59
13.0 76
-18.5 31
20.0 9
-20.0 56
-22.0 44
23.0 0
-25.5 28
25.0 58
-29.0 97
-33.5 62
33.5 74
-33.0 88
-36.5 72
40.5 27 86
46.5 50
-48.0 23
-52.5 21 33
65.5 65
69.5 25
71.5 95
0.5 3 45 48 61 64 69 70 73 90
-0.5 30 32 87
1.0 16 57 77
-1.0 91 99
-1.5 24 35 53 79
1.5 78
