-2.0 7 12 14 17 20 53
0.0 15 39
2.0 24
2.5 10 89 98
-2.5 40 71
3.0 43 48 54 96
-3.5 5 55
3.5 47 81
4.0 63 94
-4.0 67 80
4.5 22 26 38 41
-4.5 85
-5.0 2 76
5.0 4 6 77 99
5.5 1 19 70 82 93
6.0 35 59 87
-6.0 36
6.5 8
-6.5 69
-7.0 18 34 92
-7.5 11
7.5 84
-8.0 46
-8.5 45 75
-10.0 68
-10.5 60
-11.5 13
-12.0 52
-13.0 42
-16.0 31
-18.5 44
18.5 49
19.5 0
-23.0 28 56
24.5 58
28.5 9
-28.0 88
-35.5 97
-37.5 62
38.0 74
39.5 86
44.5 50
47.5 27
-53.0 21
-54.5 23
-55.0 33 72
67.0 65
76.5 25
80.0 95
0.5 3 37 61 64 73
-0.5 30
1.0 16 32 66 90
-1.0 51 83 91
1.5 29 57 78
-1.5 79
