-2.0 7 12 13 17 20 40 53
0.0 15 26 39
2.5 10 57 66 82 89 98
-2.5 60
-3.0 36 92
3.0 43 90
-3.5 1 5 55 59 83
3.5 24 29 38 47
-4.0 80 81
4.0 94
4.5 19 22 48 99
-5.0 2 76 85
5.0 84
-5.5 11
6.0 32 67
-6.0 34 46
6.5 6 14
-6.5 41
7.0 35
-7.0 51 69
-8.5 42 75
-9.0 31
9.0 63
9.5 77 87
-10.0 18
10.0 93
14.0 0
-17.5 45
-20.5 68
-23.0 88
25.5 49
25.0 58
-26.5 28
-27.5 44
-28.0 56
29.5 9
-32.5 97
-41.5 62
43.5 27
47.0 86
49.5 50
48.0 74
-55.0 33
-57.5 21
-60.0 72
-63.5 23
71.5 65
77.5 25
80.5 95
0.5 4 37 64 71 73
-0.5 30 52
1.0 8 16 54 61
-1.0 70 91
-1.5 3 79
1.5 78 96
