-2.0 7 17 53 79
0.0 15 39 41 69 92
2.0 19 90
-2.5 20 40
2.5 89
3.0 8 24 43 99
-3.0 11 59
-3.5 5 46 55 82 84
3.5 47 57
-4.0 3 80
4.0 10 52 94
4.5 0 22 48 54
-4.5 83 85
-5.0 2 4 76
5.5 29 34
-5.5 81
-7.0 42
7.5 87
-8.0 51 70
9.0 1 32 96
9.5 63
-9.5 71 75
-10.0 18
10.0 77
12.5 6 93
13.0 66
15.5 9
19.0 49
21.0 67
-23.5 97
-24.5 68
25.0 58
-27.5 45
-28.5 88
-33.0 44
37.5 27
-39.0 28
-39.5 62
41.0 74
-44.5 56
52.0 50
52.5 86
-54.0 21
-56.0 72
-61.5 23
-63.5 33
75.5 65
79.5 25
80.5 95
-0.5 30 91 98
0.5 37 64 73
1.0 16 61
1.5 12 13 14 26 35 36 38 78
-1.5 31 60
