-2.0 0 1 7 20 51 90
2.0 2 12 81
0.0 15 24 39
-2.5 17 40
2.5 31 69 89
3.0 36 43 47
-3.5 5 55 60 75 83 96
3.5 48
4.0 8 10 57 94
-4.0 80
4.5 22
-4.5 52 85
-5.0 76 84
-5.5 3
5.5 99
-6.0 14 35 82
6.5 11 29
-7.0 18 42 70
7.0 32 54 59
8.0 93
-8.5 4
-9.0 13
9.5 41
10.0 26
-10.0 28
10.5 63
-10.5 98
12.0 66
13.5 9
15.0 67
-17.5 68
21.0 77
22.5 58
23.5 49
28.0 27
-28.5 97
29.5 6
-29.5 88
-34.5 56
34.0 74
-38.5 45
-42.5 44
-43.0 62
45.0 50
-45.0 72
49.5 86
-51.5 23
-57.5 21
-59.0 33
75.0 25
81.5 65 95
-0.5 30 91 92
0.5 37 64 73
1.0 16 61
-1.0 38 71
1.5 19 78 87
-1.5 34 46 53 79
