0.0 2 15 39 46
2.0 12 32
-2.0 17 26 53
-2.5 0 7 18 20 40
2.5 63 84 89
3.0 1 10 19 43
-3.0 24
-3.5 5 38 55
3.5 47 96 99
-4.0 52 80 82
4.0 94
4.5 22 54 57
-4.5 67 87 90 92
5.0 66
-5.0 75 76 85
5.5 29
-6.5 60
6.5 81
7.0 8
-8.0 4 98
-8.5 35 69
-9.0 68
-9.5 34
-10.0 70
-10.5 13
10.5 58
11.0 59
12.5 11
13.5 93
-14.0 42
14.5 9
-15.5 56
16.5 31
21.5 77
-23.5 88
24.5 27
25.5 6
28.0 65
-30.5 97
33.5 74
34.5 49
-39.0 72
38.0 86
-40.0 23
-44.5 44
-44.0 45
-46.0 62
51.5 50
-58.5 21
-58.0 33
75.5 25
73.5 95
0.5 3 36 51 61 64 73
-0.5 28 30 71 91
1.0 14 16 37
-1.0 83
1.5 41 48 78
-1.5 79
