2.0 12
0.0 13 15 39
-2.0 17 20
-2.5 0 7 40 80
2.5 83 89
3.0 2 43 59
-3.0 63 98
-3.5 5 35 55
3.5 8 29 47 65 93 99
-4.0 3 4 36 90
4.0 94
4.5 22 57
-4.5 51 52 85
5.0 19
-5.0 24 66 76
6.0 1 10 96
-6.0 41 46 87
6.5 14
-7.0 26 92
-7.5 69
-8.5 60
-9.5 45 71
-10.5 42 56
-11.0 97
12.0 84
-13.5 70
15.0 31
15.5 11
17.5 6
17.0 9
-18.5 67
19.5 77
28.0 27
-29.5 88
35.0 50
-36.0 23
39.0 49
40.0 74
-42.5 72
-44.5 44
-48.5 62
50.5 86
-55.0 21
-60.5 33
79.0 25
76.0 95
-0.5 28 30 32 68
0.5 37 61 64 73
1.0 16 54 58 75 81
-1.0 48 91
1.5 18 34 78 82
-1.5 38 53 79
