0.0 3 16 35 40 82
-2.0 8 12 41
2.0 13 91
-2.5 21 39
2.5 57 90 98
3.0 4 44
-3.0 48
-3.5 0 46 72 80
3.5 34 47
-4.0 26
4.0 38
4.5 22 79
-4.5 23 43 53 97
5.0 69
-5.0 77
-6.0 2 88
6.0 15 30 71
6.5 60 87 96
-6.5 70 86
7.0 36 55
-8.0 52 58
8.5 84
-9.0 59
9.5 33
10.0 42
-10.5 19
-11.0 6
-11.5 14 62
12.5 49
-12.5 66
13.5 95
-14.0 56
16.0 32
17.5 85
-18.5 83
20.5 28
-20.0 68
-23.5 9
24.0 51
-26.5 24
-30.0 27
-32.5 17
-32.0 73
-33.5 76
36.5 99
-38.0 45 89
48.5 75
52.0 10 50
-54.5 67
66.5 7
-69.5 63
-0.5 29 31 65 92
0.5 37 64 74 93
1.0 11 78 81
-1.5 1 5 18 25 54 61 94
1.5 20
