-2.0 3 17 20 53
2.0 12 80
0.0 13 15 39 56 71
-2.5 0 7 40 78 87
2.5 10 37 89
3.0 18 54 97
-3.5 1 5 55
3.5 8 34 43 47
4.0 11 94
-4.0 24
4.5 22 35
-4.5 48 52 96
5.0 19
-5.0 59 65 69 76 85
5.5 82 99
-5.5 92
-6.0 36 81
6.0 83
7.0 2 31 68
-8.5 23 45 51
-9.0 60
-10.0 63
-10.5 70
-11.0 26
11.5 58
12.5 77
-16.5 46
-19.0 66
20.5 9 75
20.0 84
-22.0 67
-26.0 88
27.0 6
36.5 27
38.5 49 74
40.0 50
-43.5 44
-42.5 62
51.5 86
-53.5 72
-62.0 21
77.5 25
79.5 95
-0.5 28 33 90 93
0.5 61 64 73
1.0 16 29 57
-1.0 30 42 79 91
1.5 4 32 38
-1.5 14 41 98
