0.0 15 29 39
-2.0 17 20 69 71
-2.5 0 7 40 78
2.5 89
3.0 19 43 90 97 99
-3.0 36 42
-3.5 5 55 81
3.5 33
4.0 8 37 65 82 87 94
-4.0 52 93
4.5 3 22 31
5.0 10 32
-5.0 14 51 76 85 98
5.5 77
6.0 4
-6.0 45
6.5 2
7.0 54
-7.0 60
7.5 35
-7.5 48
-8.0 23
8.0 83 96
8.5 1
-8.5 34
-9.5 11
-10.0 70
-10.5 13
11.0 68
-13.5 63
-14.0 26
-17.5 46
19.5 58
-19.5 67
-21.0 88
22.0 9
-22.5 66
24.5 75
29.5 84
30.0 6
31.5 74
32.0 50
37.0 27
41.0 86
-43.0 44
-45.0 62
47.0 49
-47.0 72
-51.5 21
68.0 95
77.0 25
-0.5 28 30 59
0.5 41 57 61 64 73
1.0 16 18 38 47
-1.0 24 91
1.5 12 56 80
-1.5 53 79 92
