2.0 2 12
0.0 3 15 31 39 96
-2.0 7 38
-2.5 0 20 40 78
2.5 24 89 90
3.0 35 43 97
-3.0 47
-3.5 18 23 45 55
4.0 22 33 94
-4.0 34 60
4.5 37 81 99
-4.5 42 52 98
5.0 10
-5.0 85
5.5 54
-5.5 65 76
6.5 56
7.0 4 77
8.5 83
-9.0 13 71
9.0 59 87
9.5 32
-9.5 57
-10.0 48
-11.0 63
12.0 58
-12.0 67
-12.5 11
-14.5 88
15.0 9
-15.5 26
-17.5 46
-22.5 66
23.5 68
24.5 86
25.5 75
27.5 50
30.0 6
30.5 27
-34.0 72
35.0 74
34.5 84
43.5 49
-46.5 44
-49.0 21
-55.0 62
65.0 95
84.5 25
-0.5 8 28 91 93
0.5 14 41 51 61 64 70 73 80 92
-1.0 5 30 82
1.0 16 29 69
-1.5 1 17 53 79
1.5 19 36
