0.0 2 15 31 39
-2.0 7 20 60 92
2.0 12 19 70
-2.5 0 11 40 78
2.5 1 10 89 93 97
3.0 14 29 36 37 43
-3.0 47 55
3.5 33
-3.5 38
-4.0 23
4.0 24 69 94
4.5 4 22 58 65
-4.5 35 52
-5.0 76
5.0 99
5.5 34 81
-5.5 42 82
6.5 59
-6.5 98
7.0 3 83
-7.0 41
-7.5 18
8.5 87
-10.5 46
-11.5 48
-12.5 8
-15.0 63
-16.0 67 88
17.5 9
21.0 68
23.5 6 27 86
23.0 75
-24.5 26
25.5 84
26.5 56
27.0 95
-34.5 44 66 72
34.5 74
41.5 50
43.5 49
-48.0 62
-56.0 21
97.0 25
0.5 5 61 64 73
-0.5 28 30 91
1.0 16 71 85
-1.0 80 90 96
1.5 13 32 54 77
-1.5 17 45 51 53 57 79
