2.0 12 54
-2.0 13 40 80 81
0.0 15 39
-2.5 0 7 20 78
2.5 24 59 89
3.0 2 43 97 99
-3.0 22 47 71
3.5 23 33 87
-3.5 34 55
4.0 11 83 94
-4.0 52
4.5 19 31
-4.5 90
5.0 29 69 70
-5.0 76
5.5 14 85
-5.5 42 65
6.0 10
-6.0 92
6.5 1
-7.5 46 51
-8.5 35
-9.0 41
9.0 96
-10.0 18 63
10.0 58
-12.0 48
-13.5 8 77
13.5 68
-14.0 88
14.5 93
-15.0 98
15.5 27
-17.5 67
20.0 86
21.0 9 56
23.5 3
24.0 75
-25.0 26
-25.5 72
25.5 84
-30.5 66
31.5 6
-35.0 44 62
36.5 50
45.0 74
-50.0 21
51.5 49
97.5 25
-0.5 4 28 30 45 82
0.5 5 36 61 64 73
1.0 16 37
-1.0 38 60 91 95
-1.5 17 32 53 57 79
