-2.0 7 20 40
2.0 12 70
0.0 15 39 73 83
-2.5 0 60 78 80
2.5 89
3.0 10 31 43 97
-3.0 47 87
3.5 8 33
-3.5 41 55
-4.0 36 90
4.0 65 94
-4.5 22 42 52 96
4.5 99
-5.0 35 46 76
5.0 69
-5.5 1
5.5 19
-6.0 4 81
6.0 14 54
6.5 29 58
7.0 2 11 23 32
-7.0 92 95
7.5 27
-7.5 51
-8.0 59
-8.5 34 71
-9.5 18 57
-10.0 63
-11.0 48
-11.5 13
-12.0 82
13.0 93
14.0 85
16.0 68
-16.5 98
19.0 3
-19.0 77
21.5 9
-21.5 26
-22.5 67
22.0 86
-23.5 21
-23.0 88
-24.0 66
29.5 50
29.0 75
30.0 56
-30.5 72
31.5 84
-32.0 62
35.0 6
-35.5 44
48.0 74
59.5 49
97.5 25
0.5 5 37 61 64
-0.5 24 28 30 91
1.0 16
-1.0 45
-1.5 17 53 79
1.5 38
