2.0 12 37
0.0 15 39
-2.0 20 53
-2.5 0 7 40 45 80
2.5 35 89 97
3.0 11 34 43
-3.0 42 47 83
-3.5 24 55
3.5 33 46 58 69
4.0 14 94
-4.0 22 92
4.5 10 19 21 70 96
-4.5 52
-5.0 1 60 65 76 95
5.0 99
-5.5 8
-6.0 18 36
6.0 23 29
-6.5 13 87
6.5 54
7.0 2
-8.5 4
8.5 32
-9.0 48 59
-10.0 82
10.5 93
-11.5 63
11.5 86
12.0 31
13.0 9
-13.0 77
-15.5 41
15.5 85
-20.5 98
22.5 3
-22.5 67
23.5 68
-23.5 88
24.0 75
-27.0 26
28.0 50
-28.5 66
36.0 56
-41.0 62
40.0 84
-47.0 72
48.0 25
-48.0 44
50.5 6
53.5 74
66.0 49
-0.5 16 28 78 81 91
0.5 27 38 57 61 64 71 73
1.0 5
-1.0 30 90
-1.5 17 51 79
