-2.0 7 11 20 40 53
2.0 12 13 19 34
0.0 15 39 58 92
-2.5 0 27 38
2.5 2 54 89 90 97
3.0 43 46 95
-3.0 47
-3.5 1 25 36 55 57
3.5 33 65
-4.0 22 52 87
4.0 29 37 94
4.5 21 99
-4.5 71 83
-5.0 24 45 76
5.0 56 96
5.5 10
-5.5 78
6.0 81
-6.5 48
-7.0 63
-7.5 4
7.5 35
-8.0 16 60
8.5 9 70
10.0 93
-10.5 88
-11.5 8
13.0 86
14.0 85
-14.0 98
-15.5 77
19.0 31
-19.0 67
19.5 68
-21.5 26 82
-22.0 41
-26.0 66
28.0 50
30.0 75
34.0 3
-39.0 62
-44.5 44
45.5 74
46.0 84
54.0 6
-55.5 72
69.0 49
0.5 5 23 51 59 61 64 69 73
-0.5 28 32
-1.0 30 42 91
1.5 14
-1.5 17 18 79 80
