0.0 2 15 39 42 58 92
-2.0 7 11
2.0 12 18 87
-2.5 0 20 40 69
2.5 10 63 89 90
-3.0 38 47 48
3.0 43 70 71 81 97
-3.5 4 24 55
3.5 33 46 94
4.0 56
-4.0 65 83
-4.5 13 16 22 34 52 96
4.5 21 37 99
5.0 35
-5.0 76 78
-5.5 25 51
6.0 68 93
-6.5 1
6.5 95
7.0 59
-7.5 45
-8.0 98
-8.5 57
8.5 85
-9.0 60
-12.5 8 27 88
13.0 9 86
21.0 31
-21.0 67
24.5 50
-24.5 77
-25.0 26
-26.5 82
-28.0 66
-30.0 41
30.0 75
42.5 3
-43.5 44
-42.0 62 72
48.5 84
50.0 74
54.0 6
68.0 49
0.5 5 61 64 73
-0.5 28 30 32 80 91
-1.0 14 23
1.0 36 54
-1.5 17 53 79
1.5 19 29
