-2.0 8 12 21 58
2.0 13 37
0.0 16 35 40 84
-2.5 1 41 91
2.5 38 56 90 98
3.0 44 71
-3.0 48 96
-3.5 0 79
3.5 34 47 65
4.0 20 69 97
-4.5 2 23 26 53 60
4.5 5 22 57 87
5.0 3 11 99
-5.0 82
-5.5 36 77 93
6.0 55
-6.0 76
-6.5 52 61 70
7.5 33
-8.0 14 95
8.5 88
-9.0 46
-11.0 24
13.0 94
-14.0 28
-16.0 17
-18.0 78
-19.5 9 59 89
22.0 10
-26.0 83
-27.5 27
-27.0 42
29.0 32
-32.5 68
-39.0 73
41.0 51
-42.0 67
47.5 85
51.5 4
50.0 75
-53.0 63
55.0 7
-60.0 45
68.0 50
-0.5 15 29 64
0.5 30 43 62 66 74
1.0 6 39 49
-1.0 31 92
-1.5 18 54 72 80 86
1.5 19 25 81
