-2.0 8 12 41 72 81 91
2.0 13 26 85
0.0 15 16 35 36 40 74 92
-2.5 21 87
2.5 38 90
3.0 4 47 84 98
-3.0 19 45 48
-3.5 0 14 25
3.5 34 44 88
-4.0 11 58 80
4.0 69
4.5 22
-4.5 23 33 53 94
-5.0 2 43 67 77
5.0 20
5.5 51
-6.0 6 96
-6.5 93
7.0 86
-7.5 71
-8.0 5 60 61
-9.0 63
-9.5 17 78
-10.0 66
10.5 42
-10.5 76
-11.0 24
11.5 32
14.5 49
21.0 99
23.5 95
-24.0 59
25.0 28
-27.5 62
-29.5 9
-35.0 89
-36.0 73
-40.0 27
-41.0 68
54.5 75
58.5 10
59.5 50
81.0 7
0.5 1 37 39 64
-0.5 29 46 52 55
1.0 3 30 57 82
-1.0 31 97
-1.5 18 54
1.5 56 65 70 79 83
