0.0 5 16 35 40 56
-2.0 8 11 12 21 43 51 54 87
2.0 13 25 26 41
-35.0 68
-38.5 89
2.5 19 65 83
-2.5 39 66 81 85 93
-40.0 62
-44.0 73
47.0 10
46.0 28
3.0 20 44 47 96 98
-3.0 48 84
-3.5 0 45 91
3.5 27 34
58.0 75
62.0 50
4.0 4 69
-4.0 23 46 80
-4.5 2 3 53
74.0 7
4.5 22
5.0 60 70
-5.0 67
5.5 32
-6.0 33
-6.5 6 14
-7.0 52
-7.5 61
0.5 1 37 64 74 92
-0.5 15 29 30 77
8.0 88
-10.0 94
-10.5 55
11.0 49
-11.0 78
-13.5 76
14.0 63
-14.5 71
-1.0 31 97
1.0 36 38 57 72 82
16.5 42
-16.0 59
-20.5 9
23.5 86
-1.5 17 18 58
1.5 24 79 90
24.5 95 99
