-2.0 12 24 88
2.0 13 20
0.0 16 35 40 81 92
-32.5 73
-39.0 89
-2.5 5 8 19 21 61
2.5 25 41 77 91 98
43.5 10
3.0 27 44 57 66 70
-3.0 45 48
53.0 75
55.0 7
-3.5 0 84
3.5 32 34 47 65 69
61.5 28
-63.0 62
-4.0 3 80 97
64.5 50
4.5 22 38
-4.5 23 53
-5.0 2 11 36 58 67 82
5.0 51
6.5 49
-6.5 87
7.0 14
-7.5 60
0.5 1 37 43 64 74
-0.5 29 30 31 96
-8.5 46
-10.0 59
10.5 42 79
-11.5 17 76
-12.0 68
-13.0 56
-13.5 94
-1.0 4
-16.0 33
1.0 72 83 90
-16.5 78
16.5 86
-18.5 55 71
-19.0 6
21.5 95 99
-23.0 9
1.5 15 26 39
-1.5 18 52 54 85 93
25.0 63
