-2.0 8 12 21 39 61 72 73
2.0 13 81 84 87
0.0 15 16 26 35 36 92
32.0 95
-35.5 89
37.0 63
39.0 10
2.5 38 98
-2.5 70
48.5 7
3.0 77 79
-3.0 82
-54.0 62
-3.5 5 25 45 78
3.5 34 44 47 65
60.0 28
4.0 69
-4.0 80 88 96
4.5 22 57
-4.5 23 53
78.5 50
5.0 20 49
-5.0 59 67
5.5 0
-5.5 2
-6.0 52 58
-6.5 93
7.0 74
0.5 3 14 27 37 64 90 97
-0.5 4 17 24 29 30 40 43 71
-8.5 48
-9.0 46
-9.5 19
-12.0 42
-14.0 68
-15.5 83
1.0 1 66
-16.5 6 55
-1.0 31 51
-16.0 94
-19.0 33
20.0 86
-23.0 76
-1.5 11 18 54 75 85 91
1.5 32 41 60
-26.5 9
-27.0 56
31.0 99
