-2.0 8 12 21 54 58
2.0 13 87
0.0 35 39 68 72
2.5 20 41 65 98
-2.5 40
-3.0 25 45 52 75 85
3.0 44 96
-3.5 5 43 91
3.5 34 47
4.0 51 69
-4.0 80 97
4.5 22 57 82
-4.5 23 49 53
-5.0 2 46 67
5.0 78
5.5 14
-5.5 15
-6.0 11
-6.5 17 19 66
6.5 88
7.0 59
-7.0 61 89
-7.5 70 93
7.5 84
-8.0 27
8.0 71
8.5 32
9.5 26
-9.5 48
-10.0 55
11.0 79
11.5 0
-13.0 6
-15.0 76
-15.5 24
-16.0 83
-18.0 94
-24.0 42
24.5 74
-25.5 33
25.5 99
-27.0 9
-27.5 56
28.0 86
39.0 10 63
41.0 95
46.0 28
-48.5 62
63.5 7
82.0 50
0.5 1 37 64 73 77 90
-0.5 30 31 92
1.0 4 16 38
-1.0 29
-1.5 3 18 60
1.5 36 81
