-2.0 8 12 21 54
2.0 13 32 91
0.0 35 39 51
-2.5 40 77
2.5 59 76
3.0 20 44 47 57 96 98
-3.0 45
-3.5 5 48 52 82 92 93
3.5 25 34
4.0 14 38 69 71
-4.0 29 80
-4.5 2 23 49 53 75
4.5 22
-5.0 3 36 67 85
-5.5 17 43 58 60
-6.0 78
-6.5 89
7.0 4 84
-8.0 26 70
-8.5 61
9.5 27
10.0 79
-10.5 15
11.5 99
-12.5 66
13.0 68
-14.0 6
16.5 88
-17.0 9 56
17.5 65
-19.0 55 83
-23.0 94
-24.0 42
-25.0 24
-26.5 33
27.5 28
29.5 10
31.5 0
34.5 74 86
38.0 50
46.0 63
-48.0 62
61.0 95
66.0 7
-0.5 11 30 41 81
0.5 37 64 73
1.0 1 16 90
-1.0 31 46 87 97
-1.5 18
1.5 19 72
