-2.0 3 12 44 46
2.0 13 48
0.0 25 35 36 39
2.5 38 97 98
-2.5 40 81
3.0 15 32 51 96
-3.5 5 17 43 61 70 75 77 82
3.5 34 47 71 79 84
-4.0 21 29 80
4.0 60 69 99
4.5 8 22 41
-4.5 23 49 53 58
-5.0 2 67 85 87
5.0 20
-5.5 92
6.0 89
-6.5 11
6.5 78
-7.0 52
-9.0 6 42
-11.0 66
13.0 93
14.5 88
15.0 28 65
17.5 76
-19.0 26
19.0 50
20.0 27
-20.0 56 94
21.0 68
-23.5 33
-24.5 55
-26.0 9
26.5 10
-27.0 83
-28.5 24
-36.0 62
38.0 0
38.5 86
42.5 74
49.5 63
62.0 7
64.0 95
0.5 1 19 37 45 64 73 90
-0.5 30
-1.0 4 91
1.0 16 31 59
1.5 14 57
-1.5 18 54 72
