0.0 11 35 39 92
-2.0 12 81
2.0 13
2.5 24 70 98
-2.5 40 41 58
-3.0 17
3.0 96
-3.5 5
3.5 47
-4.0 66 80 91
4.0 69
4.5 6 22 48 82
-4.5 29 49 53 85
-5.0 2 67
5.5 89
-6.0 52
6.0 87 99
-6.5 46 78
6.5 79
7.0 14 93
-7.0 25
7.5 15
-7.5 19
-8.0 4
8.0 32 59
-8.5 23 60 84
-9.0 44
-9.5 33
10.0 8
11.0 28
12.0 50
-14.5 42
-15.5 21
-16.5 31
-17.5 56
18.5 10
-19.0 71
22.5 65
-22.5 94
-24.0 55
-25.5 62
-27.5 26
31.5 0
32.0 68
35.0 27
-39.0 9
-38.0 83
40.0 76
42.0 63
44.0 74
54.5 7 86
71.5 95
0.5 3 37 51 57 64 73 90
-0.5 30 43
1.0 1 16 34 38
-1.0 20 77 97
-1.5 18 54 61 75
1.5 36 45 72 88
