-2.0 12 21 43 54 61 96
2.0 13 81 88
0.0 16 33 35 40 62
-2.5 1 8 14 41 58 60 95
2.5 65 90 98
3.0 25 47 55 87
-3.0 36 48 91
-3.5 0
3.5 30 34 44 94
4.0 20 57 97
-4.0 93
4.5 11 15 22 82
-4.5 23 37 53
-5.0 2 56 77
5.0 3
5.5 5
-5.5 26
-6.0 19
6.5 84
-7.0 46
8.5 28
-8.5 66 70
10.0 69
-10.5 78
11.0 71
-11.5 86
-14.0 9
17.5 64
-18.0 68
-19.5 17
-19.0 59 83
21.0 49
21.5 99
-26.5 24
29.5 32
-30.0 76
-31.0 73
-32.5 89
36.0 51
38.5 10
-38.5 27
40.0 85
45.5 4
-44.0 67
53.5 50
54.5 75
-57.5 45
59.0 7
-63.5 63
-0.5 29 31
0.5 74 79
-1.0 42 52 92
-1.5 6 18 39 80
1.5 38 72
