-2.0 12 20
2.0 13 51 57 66 77 91
0.0 24 35 39 43 72
2.5 10 48
-2.5 34 40 52
-3.0 4 59 75
3.0 96 98
-3.5 3 5 82
3.5 47 61 99
4.0 38 60 69
-4.0 80
4.5 22
-4.5 29 49 53 85
-5.0 2 28 36 67 92
5.0 70
5.5 15
-6.0 17 62
6.0 25 41
6.5 87
-7.0 11 44 89
8.0 58
-9.0 19 46
9.0 93
9.5 0 50
-11.0 88
12.0 6
-12.0 42
13.0 8
-14.0 55
-16.5 71
17.5 7
-17.5 33
-18.5 26 56
-20.0 97
-23.5 23
-24.5 31
-28.5 94
-29.0 84
-32.5 21
-37.5 9
38.0 63
39.5 65
-39.0 83
40.5 27 74
45.0 68
47.5 76
66.5 86
76.0 95
0.5 1 14 37 64 73 81
-0.5 30 54
1.0 16 32 78 90
-1.5 18 79
1.5 45
