-2.0 7 12 20 71
0.0 9 15 39 43 72
2.0 13 66 70 81
2.5 10 98
-2.5 40
3.0 38 47 77 96
-3.5 5 34 41 48 52
3.5 57 69
-4.0 17 80 82
4.5 1 22 32
-4.5 3 24 29 49 53 75 85 87 92
-5.0 2 60 67
5.0 99
5.5 14 54 62
6.0 4
-6.5 28
6.5 61
7.0 6
-7.0 46
9.5 59
12.5 8 93
-12.5 31
-14.0 0
14.5 25
-15.0 44
-15.5 55
-16.5 26 42
22.5 58
-24.0 33
-24.5 56
-25.0 23 88
-25.5 84
26.5 65
-28.5 94
-29.5 21
29.5 27
29.0 50
-33.5 97
36.0 74
-40.0 83
43.0 86
46.5 76
53.5 63
58.5 68
75.5 95
0.5 11 37 64 73 90
-0.5 30 35 36 91
1.0 16 51
-1.5 18 19 79
1.5 45 78 89
