0.0 3 15 39 72 92
-2.0 12 20 59 71
2.0 13 43
-2.5 7 17 40 46
2.5 10 19 61 98
3.0 1 54 96
-3.5 0 5 51 75
3.5 4 14 47
-4.0 29 53 70 80 89 91
4.5 22 57 82 86
-4.5 49 52 66
-5.0 2 67 69 85
5.0 6 99
-6.0 11 62
-6.5 28
6.5 41
7.0 32
-7.5 35
-8.5 94
-9.5 48
9.5 93
-11.5 44
12.5 8
14.0 9
-16.5 26
-17.5 84
-18.5 55
-21.5 97
-22.0 88
-23.0 42
26.5 65
-30.5 23
30.0 27
-30.0 56
-31.0 21
31.0 25
-31.5 33
35.5 50
34.0 58
39.0 74
42.5 68
54.0 76
-54.5 83
58.0 63
67.0 95
-0.5 24 30
0.5 37 64 73 90
1.0 16 38 77 81
-1.5 18 31 60 79 87
1.5 34 36 45 78
