-2.0 7 12 20 40 77
2.0 13 69
0.0 15 32 39 72
2.5 10 19 98
-2.5 84
-3.0 82
3.0 96
-3.5 0 99
3.5 24 35 47
-4.0 5 29 41 80
4.0 38 57 94
4.5 14 22
-4.5 49 53
-5.0 2 36 55 67 85
5.0 54
-5.5 51
6.0 59
-6.0 92
-6.5 4 34 71
8.5 87
9.5 8
10.0 86
10.5 6
-11.5 66
11.5 93
-12.0 48
12.5 61
-13.0 42
-15.5 45 62 97
-17.5 26
-17.0 44
-21.5 11 28
-22.0 88
25.5 9
31.0 74
33.0 50
35.0 27
35.5 58
37.5 68
-38.5 21
40.5 25
41.5 65
-42.5 33
-43.5 56
-44.5 23
-47.0 83
55.5 76
67.0 63
64.0 95
0.5 17 31 37 64 73 90
-0.5 30 46 89
1.0 1 16 43
-1.0 3
-1.5 18 52 75 79 81
1.5 60 70 78 91
