-2.0 12 20
0.0 15 18 39 86 91
2.0 57 70
-2.5 7 40
2.5 10 34 61 87
3.0 35 38 47 96 98
-3.0 71 75 92
-3.5 5 14 29 55 77
3.5 59
4.0 19 54 94
-4.0 46 80 84 99
4.5 6 22
-4.5 49 53 85
-5.0 2 3 67
-5.5 82
6.0 32
-6.0 69
-6.5 4 42 52
7.0 41
-7.5 60 72
7.5 83 89
-8.0 13 45
-9.5 31
-10.0 48
-12.0 28 66
-14.0 26
15.0 93
-17.5 56
-18.5 11
21.0 9
-24.5 97
-25.0 62
33.0 68
-34.5 88
-36.0 44
36.0 58
37.5 74
43.0 27
45.5 25
-46.5 21
46.0 50
-49.0 33
-60.5 23
60.5 65
68.0 76 95
72.0 63
-0.5 30 36 43
0.5 37 64 73 90
1.0 1 16
-1.0 24
1.5 0 8 78
-1.5 17 51 79 81
