-2.0 7 12 17 20 45 53 79
2.0 8 18
0.0 15 39 59 69
2.5 10 93
-2.5 40
-3.0 3 84 91
3.0 4 96 98
3.5 1 47 70
-3.5 5 29 55 81
4.0 6 43 54 94
-4.0 41 48 49 80 82 99
4.5 14 22
-4.5 24 85
-5.0 2 34 67
5.0 60
-5.5 87
6.0 32
-6.0 66
-7.0 51
7.0 83
-7.5 35
-8.5 46
-9.0 26
-11.0 11
-14.5 28 56
-16.0 62
17.5 0
19.0 9
20.5 86
-22.5 31
-25.5 72
-28.5 44
28.0 68
30.0 58
33.5 27
-32.0 97
42.0 74
-43.5 88
-53.0 23
55.0 50
-57.0 21
59.5 25
-58.0 33
63.0 65
67.5 76
64.0 95
68.5 63
-0.5 30
0.5 37 52 61 64 73
-1.0 13 92
1.0 16 38 57 90
1.5 19 36 75 78 89
-1.5 42 71 77
