-2.0 7 12 17 20 53
0.0 15 24 39
2.0 35 99
2.5 10 26 87 89
-2.5 40
3.0 43 70 77 96 98
-3.0 69
-3.5 5 14 55
3.5 47
4.0 6 38 76 93 94
-4.0 45 67 80
4.5 1 22 81 82
-4.5 18 85
-5.0 2 36
5.0 19 54
5.5 84
6.0 4 8 63
-6.0 71 75
6.5 41
-6.5 92
-8.0 11 60
-8.5 46 52
-9.0 13
9.0 59
-9.5 42
11.5 49
-17.0 31
-20.5 44
21.0 0
-21.5 56
24.0 9
-24.5 28
25.0 58
-30.5 88
-32.5 97
-35.5 62
36.0 74
40.0 86
44.0 27
45.5 50
-46.0 72
-51.0 23
-53.0 21
-53.5 33
66.5 65
73.0 25
75.5 95
0.5 3 32 37 61 64 66 68 73 90
-0.5 30 51
1.0 16 57 83
-1.0 34 91
-1.5 29 79
1.5 48 78
