-2.0 7 17 20 40 53 60 79
2.0 8 52
0.0 15 39
-2.5 4
2.5 38 89 90
3.0 1 19 43 54 57
-3.0 3 59
-3.5 5 41 55 69
3.5 10 24 47
4.0 14 94 99
-4.0 80 83
-4.5 11 46 70 71 85
4.5 22 29 35 48
-5.0 2 31 76 81
5.0 96
7.5 32 66
-7.5 51
-8.0 42
8.5 87
9.0 0 63
-9.0 75
9.5 6 77
-10.0 18
11.5 93
13.5 67
22.5 9 49
-22.5 45 68
25.0 58
-26.0 88
-28.0 97
-30.5 44
-33.0 28
-36.5 56
40.5 27
-40.5 62
44.5 74
49.5 86
50.5 50
-55.5 21
-59.5 33
-58.0 72
-62.5 23
73.5 65
78.5 25
80.5 95
-0.5 12 13 30 34 82
0.5 26 37 64 73 84
1.0 16 61 98
-1.0 36 91
1.5 78
-1.5 92
