2.0 12 19 36
0.0 15 39 96
-2.0 20 53 83
-2.5 0 3 7 14 17 38 40 92
2.5 48 89
3.0 43
-3.0 69 90
-3.5 5 55
3.5 10 47
4.0 26 81 94
-4.0 75 80
-4.5 18 52 85
4.5 22 32 57 99
-5.0 28 60 76 82
5.0 67
5.5 8 41
-5.5 34
6.0 29 54
6.5 63
-7.5 35
-8.5 4 70
8.5 66
9.0 59
9.5 11 31
-9.5 13 98
-10.5 42
11.0 93
-13.0 68
14.0 9
16.5 58
21.5 77
-25.0 56
26.0 27
-26.5 88
27.5 6
29.0 49
-29.5 97
33.5 74
-41.0 45
-43.5 44
-42.0 72
43.5 86
-45.5 23
-44.5 62
48.0 50
55.0 65
-58.0 21
-58.5 33
75.5 25
77.5 95
0.5 1 61 64 73
-0.5 30 46 91
1.0 2 16 37
-1.0 51 71
-1.5 24 79 84 87
1.5 78
