2.0 12 18 29 54
0.0 13 15 38 39 80
-2.0 17 20 90 98
-2.5 0 7 40 81
2.5 14 34 89
-3.0 3 48
3.0 43 57
-3.5 5 41 55
3.5 8 47 68 82
4.0 94
-4.0 97
4.5 10 22 83 99
-4.5 24 52 71 87
5.0 2 19
-5.0 36 76 85
-5.5 56
-6.0 42
-6.5 51 63 69 92
6.5 58
-8.5 60
-9.0 26 45
9.5 11
10.5 75
11.0 31
-11.0 46
-12.0 66 70
16.0 77 84
19.0 9
-20.5 67
22.5 6
-22.0 23
-28.0 88
-30.5 33
32.5 27
37.5 50
39.0 49 74
-44.0 44
-45.5 62
-48.0 72
51.0 86
-58.5 21
78.0 25
77.5 95
-0.5 28 30 78
0.5 32 35 61 64 73 96
1.0 1 16
-1.0 59 65 91
-1.5 4 53 79
1.5 37 93
