-2.0 12 41
2.0 13 57 60
0.0 16 35 40 72 81
-2.5 8 21 46 86
2.5 90 91 98
3.0 4 44
-3.0 11 25 48 61 82
-3.5 0 26
3.5 34 47
-4.0 5 80
4.5 22 38 69 79 96
-4.5 23 53
5.0 15
-5.0 43 70 77
-5.5 2 88
6.0 30
-6.5 58
-7.0 14
7.0 33 55
7.5 49
-7.5 52
-8.0 6
8.0 84
-10.0 19
-10.5 59
-11.0 56
11.5 42
-11.5 62
-12.5 66
14.5 51
15.0 32
-16.5 83
17.5 95
18.5 85
20.0 28
-20.5 45
-23.0 68
-26.0 9
-27.0 24
-29.5 76
-30.5 17 73
-34.0 27
-35.5 89
35.5 99
-50.5 67
51.5 75
54.5 10
54.0 50
69.0 7
-73.5 63
-0.5 1 29 31 93 94
0.5 37 64 74 97
1.0 3
-1.0 39 78 92
-1.5 18 54
1.5 20 36 65 71 87
