2.0 8 12 19 31
0.0 15 39
-2.0 51 93
-2.5 0 5 7 14 20 40 78
2.5 3 89 90
3.0 43 97
3.5 1 33
-3.5 42 55
4.0 56 94 96 99
4.5 2 22 37 59
-4.5 52 57 70 98
5.0 10
-5.0 45 76 85
5.5 35
-5.5 60 71
-6.0 23
6.0 77
6.5 4 54 87
-6.5 34
7.0 32
8.5 83
-9.0 48
-9.5 13
-11.0 11
-12.0 63
-15.0 26
15.5 58
-16.0 67
-17.5 46
17.5 68
18.5 9
-18.0 88
-22.5 66
25.0 75
29.5 50
30.0 6
33.5 74
32.0 84
32.5 86
34.0 27
-40.5 72
-45.0 44
45.0 49
-50.0 21 62
66.5 95
80.5 25
-0.5 28 30 38 65 69 91 92
0.5 29 41 61 64 73 81
1.0 16 24 80
-1.0 18 36 47
-1.5 17 53 79
1.5 82
