2.0 4 12 36 37 54
-2.0 7 38 40
0.0 15 32 39
-2.5 0 20 78
2.5 31 89 97
3.0 19 24 43 85
-3.0 47 55 82 90
3.5 33 70
4.0 29 94 96 99
-4.0 92
4.5 1 10 14 59 69
-4.5 51 52
-5.0 76
-5.5 42
5.5 83
-6.0 77
6.0 87
-6.5 35
7.0 58
-8.0 41
8.5 93
-9.0 18 46
-11.0 98
-12.0 48
-12.5 63
-13.0 8
13.0 95
-15.0 88
15.5 3
-17.0 67
17.5 68
19.0 9
19.5 27
22.0 86
23.5 75
-24.5 26
24.0 56
25.5 84
27.5 6
-30.0 72
-32.5 66
-35.0 44
39.0 50
-41.5 62
40.0 74
47.5 49
-53.0 21
97.0 25
0.5 5 22 61 64 73
-0.5 13 23 28 30 65
1.0 11 16 34
-1.0 45 71 91
1.5 2 81
-1.5 17 53 57 60 79 80
