-2.0 7 20 24 53
2.0 12
0.0 15 16 39 73 96
-2.5 0 40 80 90
2.5 89
-3.0 34 47
3.0 43 70 97
3.5 10 33
-3.5 42 55 81
4.0 27 69 94
-4.0 60 71
-4.5 22 51 52 57 87
4.5 99
5.0 11 14 19 58
-5.0 36 76
-5.5 1 92
6.0 29
-6.0 95
6.5 23 54
7.0 2
-7.5 4
7.5 31 32
-8.0 18
-8.5 59
-9.0 13
-9.5 21 41
-10.0 48
-10.5 63
-11.0 82
11.5 93
15.0 85
-16.0 77
16.5 86
17.0 9
-18.5 98
19.5 68
20.5 3
-22.5 67
-23.5 88
-24.5 26
-26.0 66
26.5 75
29.0 50
33.0 56
-36.5 62
36.0 84
-39.0 72
42.5 6
-42.0 44
50.5 74
62.5 49
73.0 25
-0.5 28 65 91
0.5 61 64
1.0 5 38
-1.0 8 30 35 46
-1.5 17 45 78 79 83
1.5 37
