-2.0 7 11 20 63
2.0 12 54
0.0 14 15 39 58 92
-2.5 0 40 51
2.5 89 90
3.0 29 43 97
-3.0 38 47
3.5 33 46 59 94
-3.5 55
4.0 10
-4.0 22 24 83
4.5 21 37 56 81 95 99
-4.5 25 52
-5.0 1 48 76
-5.5 4 78
5.5 70
6.0 35
-6.0 45 57
-6.5 16
-7.5 27
8.0 93
-8.5 60
11.0 9
-11.0 98
11.5 85
-11.5 88
-12.0 8
13.0 68 86
20.0 31
-20.0 67 77
-23.5 26
-24.0 82
-26.0 41
26.0 50
-27.0 66
30.0 75
38.5 3
-40.5 62
-44.0 44
47.5 84
-48.5 72
48.0 74
54.0 6
68.5 49
0.5 5 18 61 64 73 96
-0.5 23 28 32 42 65
1.0 2
-1.0 13 30 34 36 69 71 80 87 91
-1.5 17 53 79
1.5 19
