1.0469 -0.7288 -1.3299 0.2068 1.4188 0.3640 -1.2674 -0.8611 0.9317 1.2383 -0.4327 -1.4036 -0.1185 1.3632 0.6672 -1.0912 -1.0943 0.6629 1.3646 -0.1137 -1.4030 -0.4374 1.2359 0.9354 -0.8573 -1.2695 0.3593 1.4191 0.2116 -1.3282 -0.7329 1.0436 1.1545 -0.5779 -1.3776 0.0369 1.3990 0.5260 -1.1831 -0.9896 0.7964 1.3129 -0.2677 -1.4127 -0.2871 1.3052 0.8128 -0.9754 -1.1938 0.5075 1.4023 0.0567 -1.3730 -0.5959 1.1429 1.0569 -0.7160 -1.3348 0.1920 1.4179 0.3784 -1.2607 -0.8729 0.9204 
-1.2724 1.0562 0.4646 -1.4162 0.5991 0.9543 -1.3299 0.0440 1.2882 -1.0275 -0.5187 1.4118 -0.5584 -0.9975 1.3051 0.0012 -1.3144 0.9854 0.5601 -1.4177 0.5048 1.0273 -1.2908 -0.0585 1.3267 -0.9541 -0.6128 1.4097 -0.4626 -1.0678 1.2626 0.1037 -1.3494 0.9095 0.6526 -1.4119 0.4078 1.0948 -1.2449 -0.1608 1.3583 -0.8757 -0.7037 1.4001 -0.3645 -1.1325 1.2134 0.2056 -1.3774 0.8288 0.7417 -1.3986 0.3086 1.1566 -1.1925 -0.2622 1.3827 -0.7928 -0.7909 1.3831 -0.2645 -1.1913 1.1579 0.3064 
-2.4115 -1.6868 -1.7893 -1.7708 -1.7173 -0.4690 0.3431 0.3710 1.0133 1.2536 0.9937 1.3198 1.1301 1.3632 1.0894 1.0281 1.3463 1.3585 0.0785 -0.2529 0.0945 0.4364 0.8502 0.7634 1.1408 1.5160 1.4901 0.9141 0.3574 0.5687 -0.2157 0.1623 0.2580 0.3473 0.2428 1.5122 1.6180 0.8074 -0.1165 -0.4709 -1.4142 -1.1732 -0.7656 -0.5420 -0.7064 -0.8484 -1.5302 -2.1687 -0.8164 -0.8738 -0.2994 -0.4199 0.3295 0.2148 0.0071 -0.3332 -0.3727 -0.4233 -0.4073 -0.7074 -0.2509 -0.2162 -0.2728 -0.8773 
0.3090 -0.8751 -0.4085 1.3110 -1.0606 0.1835 0.5229 0.8878 1.0089 0.1177 -1.6221 -0.5131 -0.8053 -0.2301 0.4208 -0.0214 -1.1800 0.6059 0.3119 -0.7638 -0.4393 -1.3810 -0.4578 0.1465 0.4950 0.4914 0.7413 1.1580 -0.2975 -1.0124 0.8930 1.2784 0.3845 -1.0522 -0.1241 -1.6367 0.8364 0.5090 0.7542 -0.7289 1.3171 -2.5509 -1.7646 0.2356 0.6298 0.6424 -0.4695 -0.0457 1.5566 1.1097 0.1458 2.6183 -2.0931 0.0297 -0.0167 -0.8007 -1.2404 -1.3542 0.4283 2.1140 0.2411 -0.4697 1.1004 -0.1202 
1.4704 1.7884 1.4698 1.4134 0.5817 1.6695 1.6767 1.3877 1.3937 1.4776 0.8745 0.7862 0.3803 0.3958 0.6298 0.5279 -0.1147 -0.1030 -0.1484 -0.4089 -0.4852 1.0902 0.8352 1.0819 0.8890 0.6364 0.4718 -0.5151 -0.8470 -0.5917 -0.3749 -0.4543 -0.5350 -0.7461 -0.8908 -0.2336 0.2093 0.4229 0.4753 -0.0794 0.3612 0.3355 0.9089 -0.1191 -0.3210 -0.3465 -0.0299 -0.1133 0.0014 -0.2381 -0.2037 -1.0156 -1.0128 -2.0493 -2.2028 -1.4238 -2.3302 -2.2008 -1.9671 -1.0705 -0.6541 -0.6518 -0.5068 -0.6571 
0.3825 0.3744 0.3147 -0.4769 -0.6572 -0.2302 -0.8498 -0.8522 -1.1054 -1.1078 -1.8112 -1.7679 -1.4333 -1.4319 -1.3640 -0.7421 -0.3139 0.1541 0.6204 0.7596 0.5144 -0.4316 -0.9173 -1.0879 -0.9643 -0.7632 -0.6161 -0.7785 -1.6245 -1.2897 -0.9374 0.0068 0.4859 1.0650 0.8989 0.9999 0.9575 0.6960 0.5266 -0.1796 -0.1903 0.0416 -0.4426 -0.2354 -0.3294 -0.3064 -0.3973 -0.4649 -0.2211 -0.1292 -0.1463 0.2330 0.7859 0.9374 0.9437 0.9882 1.3930 1.5462 2.1929 2.3378 1.9220 1.2482 1.2001 2.0705 
0.8645 1.1007 1.0787 1.0149 1.1787 0.9234 1.1826 1.1492 1.4364 0.9425 1.1199 1.1190 0.8804 1.1023 0.9605 1.0566 1.0122 1.0619 0.8432 1.1143 1.2843 -0.3788 -0.4057 -0.3954 -0.4042 -0.4045 -0.3978 -0.3877 -0.4275 -0.3913 -0.4159 -0.3997 -0.3974 -0.3960 -0.3927 -0.3942 -0.3979 -0.4065 -0.4153 -1.3201 -1.2590 -1.2931 -1.2287 -1.1721 -1.4705 -1.3253 -1.0405 -0.8823 -1.0478 -1.3916 -1.1882 -0.6878 -0.9706 -1.0852 -1.1269 -0.1072 -1.2461 -0.8982 2.2654 1.9751 -0.5709 -0.5085 1.1291 1.2332 
1.3253 -0.0485 -1.3756 -0.7354 0.9457 1.2345 -0.2868 -1.4166 -0.5196 1.1059 1.1073 -0.5173 -1.4168 -0.2892 1.2334 0.9474 -0.7333 -1.3762 -0.0509 1.3246 0.7595 -0.9283 -1.2961 0.1885 1.3767 0.5489 -1.0968 -1.1787 0.4219 1.3883 0.3220 -1.2339 -1.0275 0.6425 1.3591 0.0852 -1.3355 -0.8468 0.8440 1.2898 -0.1546 -1.3987 -0.6420 1.0204 1.1825 -0.3904 -1.4217 -0.4189 1.1666 1.0403 -0.6152 -1.4038 -0.1842 1.2785 0.8673 -0.8226 -1.3455 0.0555 1.3526 0.6686 -1.0066 -1.2485 0.2930 1.3869 
-1.5437 -1.7759 -1.5755 -0.6558 0.0145 -0.1014 -0.1496 -0.2265 -0.4801 -0.1730 0.0199 0.0365 -0.0887 0.1285 0.7664 1.7543 0.9702 1.0450 1.3098 1.0045 1.1981 0.6320 -0.6395 -1.0406 -1.3945 -1.3255 -1.0006 -1.2150 -1.0602 -1.1935 -0.7938 -0.7044 -0.0499 0.3976 1.3922 1.2054 0.7758 1.4251 1.4690 1.4260 0.0904 0.3274 -0.1031 -0.0308 -1.2304 -1.6723 -1.1878 -1.0405 -1.6972 -0.7615 -0.5314 -0.5251 -0.4434 -0.4427 0.6150 0.6310 0.4161 0.2584 0.7593 0.9301 1.8288 1.9992 1.0607 0.9667 
-1.8300 -1.8476 -1.8154 -1.7159 -1.2505 -2.2502 -1.5197 -1.3680 -1.9134 -1.6607 -0.2650 -0.0576 -0.1429 0.0321 -0.5622 -0.7453 -0.2176 -0.8162 0.0222 0.2819 0.2971 0.5660 0.5618 0.1283 0.0141 -0.3966 0.2239 0.2971 -0.2235 -0.0407 0.3768 0.4157 0.8780 1.4984 1.4915 1.2279 1.2656 1.2253 0.1982 -0.3878 -0.1369 0.0885 0.2719 0.0162 0.1190 0.4331 1.3399 1.3526 1.8532 1.5748 1.1213 1.1850 0.8284 0.4065 0.2637 0.3555 -0.5257 0.5358 0.0544 1.1252 0.3677 0.3452 -0.9374 -2.0125 
-0.5631 0.8268 1.3726 0.5386 -0.8566 -1.4433 -0.6456 0.7534 1.3804 0.6198 -0.7817 -1.4483 -0.7256 0.6769 1.3825 0.6985 -0.7036 -1.4475 -0.8028 0.5975 1.3788 0.7742 -0.6229 -1.4409 -0.8769 0.5155 1.3694 0.8466 -0.5398 -1.4287 -0.9475 0.4313 1.3543 0.9154 -0.4546 -1.4108 -1.0145 0.3453 1.3336 0.9804 -0.3677 -1.3873 -1.0774 0.2576 1.3074 1.0412 -0.2795 -1.3583 -1.1362 0.1689 1.2757 1.0977 -0.1902 -1.3239 -1.1904 0.0792 1.2387 1.1497 -0.1004 -1.2843 -1.2399 -0.0108 1.1965 1.1968 
-1.3482 -1.2463 -0.6416 0.2294 1.0259 1.4363 1.3000 0.6703 -0.2063 -0.9870 -1.3663 -1.1958 -0.5423 0.3386 1.1023 1.4500 1.2457 0.5692 -0.3147 -1.0602 -1.3757 -1.1378 -0.4395 0.4460 1.1722 1.4551 1.1840 0.4649 -0.4209 -1.1267 -1.3765 -1.0726 -0.3338 0.5509 1.2352 1.4516 1.1153 0.3579 -0.5242 -1.1861 -1.3686 -1.0005 -0.2257 0.6526 1.2909 1.4393 1.0400 0.2490 -0.6242 -1.2379 -1.3521 -0.9221 -0.1161 0.7506 1.3388 1.4185 0.9585 0.1388 -0.7200 -1.2819 -1.3270 -0.8378 -0.0055 0.8442 
0.4777 0.5143 0.4836 0.4156 0.4176 0.5120 0.5163 0.4685 0.4806 0.3643 0.4302 0.4841 0.4449 0.4544 0.5299 0.4336 0.4666 0.4914 0.4383 0.5254 0.5197 0.5014 0.4570 0.4542 0.4376 0.4586 0.4879 0.5008 0.4324 0.5429 0.4598 0.4247 0.5022 0.4504 0.3954 0.4782 0.4281 0.4763 0.4887 0.4560 0.5886 0.9049 0.5921 0.3690 1.2676 -3.2080 -2.4361 -2.6220 -3.0861 -0.4626 -0.3827 -1.5646 -0.2417 -0.2886 -0.3180 -0.7432 -0.9218 -2.8144 -2.5661 0.0802 -0.1459 -0.5366 -0.1920 0.0262 
-0.8100 -1.2819 0.2746 1.4389 0.4005 -1.2259 -0.9111 0.8554 1.3265 -0.2303 -1.3941 -0.3551 1.2710 0.9555 -0.8110 -1.2814 0.2757 1.4390 0.3994 -1.2264 -0.9102 0.8563 1.3261 -0.2315 -1.3942 -0.3539 1.2715 0.9546 -0.8120 -1.2810 0.2769 1.4390 0.3982 -1.2270 -0.9093 0.8573 1.3256 -0.2327 -1.3942 -0.3528 1.2721 0.9537 -0.8129 -1.2805 0.2781 1.4391 0.3971 -1.2276 -0.9084 0.8583 1.3251 -0.2338 -1.3943 -0.3516 1.2727 0.9528 -0.8139 -1.2800 0.2793 1.4391 0.3959 -1.2281 -0.9075 0.8592 
-1.3862 -1.1512 -1.0546 -1.3054 -1.2079 -1.1874 -1.1799 -1.2042 -1.3775 1.4201 1.4373 1.5127 1.4972 1.4960 1.5010 1.4866 1.4026 1.4467 1.4371 1.4126 1.4847 1.5563 0.4589 0.0604 0.4877 0.2973 0.1787 0.0127 -0.6571 -0.8161 -1.0303 -1.0918 -0.6307 0.2960 0.6275 0.9067 0.2757 0.6256 0.0750 0.2631 0.3470 0.4295 -0.1054 -0.1449 -0.2289 -0.0908 -0.3512 0.3280 -0.2607 0.2278 0.5068 -0.1146 -0.1889 -0.2478 0.1030 0.0637 0.1562 0.2745 -0.6452 -2.0426 -1.6920 -1.6551 -1.3752 -1.6697 
-0.7319 -0.3211 -1.0575 -0.6686 -1.2429 -1.4629 -0.3100 -0.1151 -0.6025 -0.2846 0.5018 -0.6116 -0.4628 -0.7137 -0.1668 0.0416 -0.3676 -0.8073 0.8507 -0.1082 -0.5207 -0.5945 0.6961 -1.3859 -1.0784 -0.4206 -0.6549 -0.0662 -0.4250 -0.3609 -0.5100 -0.5575 -0.5763 -0.2959 0.3278 -0.0793 0.1782 0.4286 -0.4158 -0.1312 -0.9871 0.0969 -1.3222 -0.2563 -0.2092 -0.5408 -0.3926 -0.6377 -1.5675 -2.0532 1.6070 1.6475 1.6655 1.6037 1.6773 1.6400 1.7385 1.6604 1.5367 1.5839 1.6536 1.6324 1.6072 1.6997 
-0.8980 0.7193 1.4086 0.2736 -1.2098 -1.1125 0.4390 1.4270 0.5668 -1.0231 -1.2750 0.1386 1.3794 0.8339 -0.7886 -1.3781 -0.1680 1.2680 1.0625 -0.5172 -1.4169 -0.4665 1.0980 1.2421 -0.2216 -1.3897 -0.7431 0.8773 1.3643 0.0846 -1.2977 -0.9849 0.6161 1.4234 0.3871 -1.1451 -1.1807 0.3266 1.4167 0.6720 -0.9391 -1.3215 0.0221 1.3444 0.9258 -0.6893 -1.4006 -0.2831 1.2100 1.1370 -0.4071 -1.4144 -0.5749 1.0197 1.2956 -0.1058 -1.3622 -0.8397 0.7823 1.3944 0.2007 -1.2465 -1.0652 0.5088 
-3.4729 -3.2926 -1.8935 -0.5588 0.2284 -0.1275 -0.0615 -0.0227 0.2192 0.8116 1.1353 1.3544 1.0244 1.3731 1.3225 0.3914 -0.8009 -0.8606 -0.8860 -1.5877 -1.3181 -0.0354 -0.4410 -1.2661 -1.1733 0.6375 1.7070 0.1451 1.2052 1.1623 0.7495 -0.4658 -0.3249 -0.5818 0.4063 0.9092 0.3746 0.3618 0.5443 0.2902 -1.1256 -0.4963 0.2285 -0.3055 0.2941 0.3184 -0.1819 0.2401 0.5880 0.0920 0.4149 0.2340 0.2045 0.7594 0.0650 -0.6317 -0.6184 -0.6378 -0.2427 1.1833 1.4035 1.3680 -0.4526 0.1166 
-0.0277 -1.3356 0.7641 1.0042 -1.2175 -0.3278 1.4415 -0.3480 -1.2073 1.0192 0.7462 -1.3414 -0.0069 1.4021 -0.6489 -1.0149 1.2223 0.4506 -1.3942 0.3156 1.2909 -0.9149 -0.7684 1.3629 0.1326 -1.3731 0.6229 1.1135 -1.1319 -0.4807 1.4336 -0.1911 -1.2792 0.8989 0.8793 -1.2888 -0.1667 1.4308 -0.5037 -1.1174 1.1292 0.6005 -1.3773 0.1572 1.3546 -0.7888 -0.8962 1.3018 0.2915 -1.3928 0.4740 1.2089 -1.0316 -0.6271 1.4077 -0.0315 -1.3344 0.7674 1.0014 -1.2194 -0.3241 1.4414 -0.3517 -1.2054 
-0.6238 -0.5458 -1.0172 -0.7204 -0.5833 -0.6525 -0.9103 -0.5635 -0.7098 1.9288 2.0740 1.7140 2.0323 1.6116 1.8407 1.7293 1.6354 1.7049 1.7765 1.9930 -0.6436 -0.6357 -0.6271 -0.6546 -0.6322 -0.6371 -0.6541 -0.6479 -0.6295 -0.6286 -0.6421 -0.6711 -0.6392 -0.6285 -0.6857 -0.6364 -0.6298 -0.6551 -0.6251 -0.6345 -0.6117 -0.6429 -0.6324 -0.6537 -0.6305 -0.6395 -0.6650 -0.6336 -0.6677 -0.6379 -0.6403 0.1214 0.0568 0.0569 -0.0707 -0.0662 -0.0686 -0.0595 1.6685 -0.5280 1.0219 1.6124 1.0096 1.4250 
0.6385 1.0995 1.5870 1.7350 2.2177 2.6435 2.4672 2.4705 1.5205 1.3042 0.9508 0.4004 0.2709 -0.2764 0.0480 0.1107 0.4921 0.3879 0.3319 -0.2716 -0.7274 -0.5548 -1.0905 -0.9056 -0.5628 0.3015 0.2912 0.2998 -0.2105 -0.1531 -0.1498 -0.8304 -0.2771 -0.6525 -0.5459 -0.5803 -0.6165 -0.2174 -0.5066 -0.8954 -0.9049 -0.7145 -0.7026 0.0879 0.0232 0.2444 -0.0689 -0.0987 -0.0301 0.2474 0.3000 0.2995 0.5110 0.4635 0.1481 -0.2707 -0.6023 -0.9073 -0.9467 -1.3343 -2.2473 -1.7280 -1.6170 -1.6960 
-0.1664 0.0264 0.0819 0.1102 0.2589 -0.1137 0.0348 0.1544 0.1123 0.4380 -0.1889 0.2059 0.2104 -0.2237 -0.0063 -0.1979 -0.1659 0.0724 0.8013 0.6136 0.6227 0.3374 0.6089 0.7644 0.8166 1.0727 0.5857 0.7676 0.7287 0.7310 1.1543 0.5200 1.0871 1.0658 0.3926 1.0986 0.6278 0.5650 1.3214 1.1412 0.9286 1.0407 0.9480 0.7252 0.6382 0.3924 0.5640 -2.5290 -2.1326 -2.4159 -2.1878 -2.1999 0.1780 0.3539 -0.1042 -1.1155 -1.0792 -1.1583 -1.1183 -1.5755 -1.6364 -1.3330 -1.7258 -1.5247 
0.4567 0.0904 -0.9713 -0.8777 0.5499 0.2791 0.2337 1.4278 0.8294 -0.3817 -1.1088 -1.8521 0.3183 0.0519 -1.3676 0.3978 0.1442 -1.1487 0.3860 0.6403 0.4591 0.1714 -1.2660 0.1334 -1.0258 -0.1368 0.5071 -0.7190 -0.5623 1.4610 0.2375 -0.7721 1.9822 0.7539 -1.0848 1.1834 -0.0827 -1.1164 -0.9169 -0.1690 -0.0719 0.4010 -2.1935 1.1003 -0.3113 1.1337 1.6362 -2.3234 0.4435 2.1313 -0.4254 -0.2525 0.6993 1.1948 -0.2345 0.5754 0.9064 1.7268 -1.2919 1.2919 -1.7790 -0.5844 -0.2626 -0.6450 
-1.3441 0.4248 1.3406 -0.3985 -1.3710 0.3363 1.3645 -0.3092 -1.3920 0.2464 1.3827 -0.2187 -1.4072 0.1554 1.3949 -0.1273 -1.4164 0.0636 1.4011 -0.0353 -1.4197 -0.0284 1.4013 0.0567 -1.4169 -0.1203 1.3956 0.1484 -1.4081 -0.2118 1.3838 0.2395 -1.3934 -0.3024 1.3661 0.3296 -1.3728 -0.3918 1.3426 0.4181 -1.3464 -0.4795 1.3133 0.5049 -1.3142 -0.5652 1.2784 0.5895 -1.2766 -0.6486 1.2380 0.6715 -1.2335 -0.7292 1.1923 0.7507 -1.1852 -0.8068 1.1415 0.8266 -1.1319 -0.8809 1.0858 0.8989 
-0.6715 -0.6556 -0.4131 -0.5976 -0.4714 -0.7300 -0.5423 -0.4753 -0.3511 -0.2567 -0.2409 -0.3381 -0.9188 -0.8026 0.1573 -0.2632 -0.5427 -0.5111 -0.9602 -0.0877 -0.6674 -0.1942 -0.4089 -0.3691 -0.5509 -0.7614 -0.7277 -0.4702 -0.4875 -0.5301 -0.8512 -0.5658 -0.4156 -0.0266 -0.5189 -0.2478 -0.0660 -0.0826 -0.0942 -0.1787 -0.0830 0.0333 -0.0314 -0.0490 -0.1755 -0.1910 -0.1039 -0.1026 -0.2559 1.2051 1.4121 1.3332 2.0272 1.6941 1.5824 2.0337 1.6166 1.9247 -0.9790 -1.1655 0.8302 -1.4407 3.3227 3.4495 
0.0251 0.2899 -0.2108 0.1002 0.0668 0.1944 0.4986 -0.1259 0.1618 0.0676 0.0215 0.3274 0.4563 0.3049 -0.1952 0.1182 -0.0543 -0.1533 0.0775 0.0371 -0.4510 -0.4521 -1.1851 -0.5556 -0.7766 -0.1206 -0.5240 -0.6767 -0.3843 -0.7071 -0.4625 -0.2298 -0.5522 -1.1056 -0.4075 -0.8003 -0.0823 -0.4766 -0.6778 -0.3268 -0.3594 -0.4826 -0.8163 -0.3193 -0.9040 -0.9452 -0.4511 -0.8315 -0.7574 -0.5678 -1.0516 -1.3347 0.0097 1.7937 2.8392 3.0428 3.2210 2.3357 2.0602 2.1689 -1.3292 0.4963 0.6729 0.4564 
-1.1273 -1.4370 -1.0622 -0.6859 -0.8602 -0.8581 -0.4651 -0.1158 0.0041 -0.4382 -1.3628 -1.3740 -1.0888 -1.3576 -1.2247 -1.6144 -1.8298 -1.7563 -1.5350 -1.8818 -1.4848 -1.4184 -0.6218 0.0189 0.7569 1.1856 0.9734 1.0612 0.7360 1.0648 0.7931 0.3937 0.3793 0.9404 1.2679 1.5885 1.4153 1.3737 0.6540 0.4304 0.5244 -0.0586 -0.1879 -0.4412 -0.4574 -0.1383 -0.0544 -0.1897 -0.2781 0.0652 -0.2344 0.7358 0.6659 0.8472 0.6187 0.8342 0.9074 0.4385 0.9652 1.3437 1.1612 1.1707 1.5570 0.7680 
0.7506 0.8268 -0.0911 0.0547 0.6562 0.2623 0.2440 0.2452 0.4036 0.6589 0.7524 1.3500 1.2054 0.3135 0.5385 0.4523 0.7076 0.7109 0.7105 1.0352 1.0173 1.1371 1.1258 1.1052 1.1463 2.0275 1.9101 1.8424 1.3872 1.0822 0.6606 -0.0806 -0.2291 0.4650 0.2091 -0.0063 -0.1706 -0.2601 -0.6325 -1.1895 -0.7641 -0.6520 -0.1682 -0.6585 -1.3536 -1.9238 -1.9166 -1.9765 -1.8033 -1.6477 -1.3490 -1.4158 -1.0342 -0.8760 -0.7598 -0.5253 -0.8309 -1.1642 -0.6964 -0.6727 -0.2748 -0.2981 -0.7095 -0.8634 
1.2366 1.1421 0.9765 1.1816 1.1234 1.1278 1.2436 1.2528 1.2446 1.0601 1.0703 1.0097 1.5320 1.1372 1.2140 1.0754 1.0155 1.0580 1.0376 0.9185 1.0236 0.0870 -0.0460 -0.0116 -0.0251 -0.0619 0.0369 -0.0908 0.0698 -0.0292 -0.0953 -0.1446 -0.0499 -0.0602 -0.0490 -0.0066 0.0410 0.0374 0.0854 -0.1267 -0.0607 0.0096 -0.0312 -0.0210 -0.0393 0.0053 0.0192 0.1172 -0.0567 -1.4215 -1.4498 -1.4120 -1.5137 -1.3833 -1.8652 -1.4839 -1.8441 -1.9249 -0.9617 -1.9794 -1.3180 -1.5417 -1.5425 -1.5419 
-1.1263 -1.9986 -1.3427 -2.2922 -2.1493 -1.6821 -1.9854 -1.5815 -0.7928 -0.2405 -0.3593 -0.3266 0.2474 -0.1042 -0.1622 -0.5511 -0.7210 -0.3251 -0.5974 -0.0088 -0.2030 -0.2732 -0.3094 -0.2161 -0.5490 -0.7416 -0.0697 -0.5859 -0.6264 -0.7608 -0.6660 -0.7226 -0.5293 -0.7103 0.2990 -0.2976 -0.1990 -0.2218 -0.1654 -0.1368 0.4033 1.0784 1.1467 1.5026 1.0050 1.0669 1.0816 1.3090 1.6814 1.2698 0.9839 0.6124 0.7885 1.2401 1.1374 0.9202 1.6911 0.7951 1.0422 1.3664 1.3915 0.0084 1.2631 0.9996 
0.3292 0.2354 -0.0220 0.5481 0.6319 0.0789 0.2558 0.3624 -0.0444 0.3527 0.0956 0.2054 0.2194 0.6356 0.8588 0.7018 0.6196 0.5997 0.5410 0.0505 0.5443 0.3917 -0.0625 0.4667 0.1870 0.3322 0.3928 0.7150 0.3093 0.2120 0.2875 0.3182 0.0370 0.1452 0.1644 0.2247 0.4360 0.3129 0.2871 0.2853 0.4203 0.4153 0.2919 -0.0989 0.5086 0.2817 0.8271 0.3079 0.6104 0.6109 0.2732 0.1363 -2.7598 -3.0133 -3.1556 -0.0189 -0.0016 0.0721 0.3994 0.5255 -0.7826 -3.1193 -3.0141 -2.9585 
-0.4368 -1.3776 -0.6711 0.8612 1.4373 0.3872 -1.0679 -1.2357 0.0788 1.3470 1.0941 -0.3859 -1.3718 -0.7170 0.8169 1.4461 0.4389 -1.0334 -1.2586 0.0252 1.3251 1.1293 -0.3345 -1.3639 -0.7619 0.7715 1.4530 0.4901 -0.9974 -1.2796 -0.0283 1.3013 1.1629 -0.2825 -1.3540 -0.8056 0.7251 1.4578 0.5406 -0.9600 -1.2988 -0.0818 1.2756 1.1950 -0.2301 -1.3422 -0.8481 0.6776 1.4606 0.5904 -0.9211 -1.3161 -0.1351 1.2483 1.2254 -0.1773 -1.3284 -0.8894 0.6293 1.4614 0.6394 -0.8809 -1.3314 -0.1882 
-1.0063 -1.3076 -1.2376 -0.8150 -0.1536 0.5689 1.1583 1.4561 1.3823 0.9567 0.2938 -0.4284 -1.0155 -1.3099 -1.2323 -0.8037 -0.1391 0.5826 1.1675 1.4584 1.3771 0.9453 0.2793 -0.4420 -1.0247 -1.3121 -1.2270 -0.7922 -0.1246 0.5962 1.1766 1.4605 1.3716 0.9338 0.2648 -0.4556 -1.0337 -1.3141 -1.2215 -0.7806 -0.1101 0.6098 1.1856 1.4625 1.3660 0.9222 0.2503 -0.4692 -1.0426 -1.3160 -1.2158 -0.7690 -0.0956 0.6233 1.1944 1.4643 1.3603 0.9105 0.2357 -0.4826 -1.0514 -1.3178 -1.2100 -0.7572 
1.4035 0.4010 -0.3479 0.6210 0.3079 0.9671 0.9013 0.4836 1.3045 0.4742 0.3100 0.4674 0.6682 0.6593 0.0395 -0.5391 0.0515 -0.3955 0.5997 0.1155 0.2889 0.5059 0.0425 0.1480 0.6428 0.8562 0.1851 0.0284 0.0086 0.2816 0.1344 0.6529 1.1434 0.6437 0.5068 0.2697 0.7274 0.5665 0.3935 0.3540 0.3398 0.7695 -0.0544 0.1581 -0.0162 0.2057 0.3438 0.3028 0.2254 1.1263 0.5745 0.2827 -1.0399 -1.1995 -1.1527 -1.1099 -1.1505 -1.0368 -1.0826 -1.1746 -3.1849 -3.0397 -2.6651 -3.2948 
-1.2334 -0.3641 -0.3900 -0.6555 -0.9964 -0.7451 -0.9672 -0.4237 -0.5222 -0.6712 -0.7805 -0.6141 -0.4529 -0.0011 -0.0115 -0.3720 -0.5641 -0.7268 -1.0400 -0.1905 -0.8263 -1.1485 -0.1959 -0.1731 -0.6453 -0.4041 -0.0409 -0.8922 -0.4063 -0.9902 2.4590 1.7000 1.2721 0.3984 0.1478 1.4169 0.2164 1.4578 -0.1841 0.8454 0.4702 0.6020 0.7874 1.2023 1.9501 -0.2133 1.4608 1.2568 1.5336 0.6800 0.6010 -0.0736 -0.1795 0.8382 -0.0117 0.3528 0.0360 0.9266 0.8254 -1.6392 -2.5012 -2.3631 -0.7951 1.9688 
-1.2858 1.0362 0.4927 -1.4148 0.5836 0.9668 -1.3238 0.0402 1.2904 -1.0272 -0.5097 1.4132 -0.5710 -0.9805 1.3161 -0.0262 -1.2989 1.0141 0.5226 -1.4155 0.5543 0.9900 -1.3121 0.0081 1.3032 -1.0049 -0.5395 1.4136 -0.5415 -1.0033 1.3040 0.0059 -1.3113 0.9915 0.5523 -1.4155 0.5246 1.0126 -1.2998 -0.0240 1.3153 -0.9820 -0.5690 1.4133 -0.5117 -1.0257 1.2913 0.0380 -1.3231 0.9684 0.5817 -1.4148 0.4947 1.0347 -1.2867 -0.0560 1.3267 -0.9586 -0.5983 1.4122 -0.4817 -1.0476 1.2779 0.0701 
-0.9099 -1.3920 -0.8923 0.2398 1.2128 1.3464 0.5473 -0.6259 -1.3529 -1.1256 -0.1028 1.0005 1.4128 0.8459 -0.3038 -1.2326 -1.2911 -0.4384 0.7293 1.3957 1.0949 0.0372 -1.0380 -1.3789 -0.7472 0.4154 1.2962 1.2793 0.3766 -0.7809 -1.3839 -1.0108 0.0775 1.1201 1.3882 0.6943 -0.4765 -1.3056 -1.2134 -0.2643 0.8781 1.4151 0.9714 -0.1429 -1.1488 -1.3429 -0.5897 0.5844 1.3585 1.1913 0.1998 -0.9228 -1.3917 -0.8791 0.2566 1.2216 1.3410 0.5315 -0.6411 -1.3569 -1.1155 -0.0857 1.0126 1.4115 
1.0254 -1.2948 0.4750 -1.3163 0.5297 1.1087 0.0788 0.6402 -0.4804 -2.1220 0.7947 -0.4746 -1.0481 0.1617 2.3920 -0.0852 1.1721 0.1456 0.0349 -1.4808 -0.7644 0.2706 -0.0298 0.2059 -0.2547 0.2014 0.0866 -0.3968 1.1864 0.4511 0.0440 -0.4970 2.5008 -1.1571 -1.3798 -0.0291 -0.1179 -0.2367 -2.3410 -0.1364 0.1709 0.4436 -1.9460 0.9443 1.3686 -1.3254 0.0154 0.7556 -1.9063 2.2162 -0.1100 -0.2355 -0.5879 1.5803 0.2531 0.6434 0.4073 0.1131 -0.0906 0.4238 0.5424 0.2873 -0.9692 -0.8571 
0.4434 0.9875 1.3116 1.3463 1.0841 0.5813 -0.0545 -0.6871 -1.1810 -1.4304 -1.3818 -1.0457 -0.4941 0.1549 0.7622 1.1978 1.3684 1.2374 0.8328 0.2414 -0.4101 -0.9823 -1.3526 -1.4416 -1.2302 -0.7638 -0.1423 0.5013 1.0290 1.3278 1.3338 1.0455 0.5249 -0.1167 -0.7417 -1.2163 -1.4389 -1.3617 -1.0013 -0.4348 0.2162 0.8125 1.2263 1.3690 1.2099 0.7832 0.1803 -0.4698 -1.0276 -1.3738 -1.4342 -1.1958 -0.7098 -0.0802 0.5581 1.0685 1.3414 1.3186 1.0048 0.4674 -0.1787 -0.7949 -1.2493 -1.4446 
0.7353 -0.2099 -0.2356 0.7534 1.1384 0.6119 -0.1321 0.4210 0.4727 -0.6169 -0.3535 -0.4361 -0.5268 -0.7281 -0.2747 -0.6066 -0.2840 -0.6761 -0.2401 -0.5125 -0.7304 -0.2732 -0.2451 -0.5197 -0.2348 -0.1123 -0.6554 0.1031 -0.2716 -0.5610 -0.6030 -0.6134 -0.7236 -0.0461 -0.3964 -0.3321 -0.1878 -0.9876 -0.3207 -0.3415 -0.3313 -0.1325 -0.5854 -0.5795 -0.2537 -0.1850 -0.1184 -0.3135 -0.3639 -0.8004 1.6865 1.7884 0.4861 1.6401 1.3742 1.3558 1.3257 1.3270 1.6155 1.4025 -3.0972 -2.7230 2.6814 2.5540 
0.3892 -1.2264 -0.9061 0.8561 1.3418 -0.1983 -1.3883 -0.3926 1.2529 1.0098 -0.7469 -1.3073 0.1931 1.4397 0.5096 -1.1625 -0.9972 0.7505 1.3846 -0.0731 -1.3739 -0.5112 1.1842 1.0969 -0.6384 -1.3448 0.0674 1.4198 0.6261 -1.0893 -1.0802 0.6393 1.4167 0.0528 -1.3485 -0.6254 1.1065 1.1757 -0.5247 -1.3715 -0.0586 1.3889 0.7379 -1.0072 -1.1545 0.5233 1.4380 0.1785 -1.3122 -0.7346 1.0203 1.2454 -0.4066 -1.3872 -0.1838 1.3473 0.8441 -0.9170 -1.2195 0.4034 1.4481 0.3031 -1.2654 -0.8377 
-0.9896 -1.1065 0.4661 -0.9242 0.0616 0.5872 0.6235 0.1291 0.0527 0.5525 0.0520 -1.0018 0.0994 -0.2045 0.0210 -0.9247 -0.8610 -0.2230 -1.0651 -0.5787 -0.2411 0.6845 -1.1101 -0.1713 0.3736 0.1922 -0.5051 0.2194 -0.3823 -1.4734 -1.7249 -0.4858 -1.2125 -0.4394 -0.4002 -0.0318 -0.6992 0.0235 0.9217 -0.6342 0.6224 -0.2592 0.4019 -0.8277 0.1252 -0.7361 0.5539 0.2538 1.4321 0.0784 -0.0391 0.9723 -0.1728 -0.7953 0.6161 -1.2149 -2.6566 1.8677 1.8840 1.5202 1.9956 1.4268 2.6057 2.6761 
0.3462 0.8492 0.8970 0.9073 1.4684 1.6630 1.6303 1.3395 1.1632 1.5467 1.5067 1.1487 0.9621 0.8764 0.9994 0.9659 1.3887 1.3561 0.7942 1.1940 1.2166 0.7504 0.7064 0.4824 0.5195 0.8331 0.7006 0.2547 0.2455 -0.1620 -0.2356 -0.3173 -0.4450 -0.5766 -0.7072 -0.6430 -0.6568 -0.2759 -0.2219 -0.2181 -0.3116 -0.2619 -0.1821 -0.2955 -0.7247 -0.9169 -0.8904 -1.0211 -0.9037 -1.0797 -1.4819 -1.2142 -1.2333 -1.4234 -1.6312 -1.4563 -1.4924 -1.1289 -0.6137 -0.9013 -0.9321 -1.3910 -1.3855 -1.3798 
0.5028 1.0815 0.2512 1.0195 0.4040 0.5929 0.4135 0.1616 0.1897 0.1963 0.4064 0.2716 0.8276 0.5010 0.8652 0.2423 0.3992 0.6259 0.5349 0.1935 0.5576 0.3404 0.5817 0.3252 0.2245 0.2575 -0.0657 0.5464 0.6317 0.7471 1.1015 1.0991 0.7856 0.1962 1.1963 0.8449 0.8407 0.5858 0.0319 0.3163 1.1346 -2.3278 -2.3857 -2.1466 -2.3529 -2.1969 -0.7522 -0.6969 -0.6924 -0.8645 -0.4395 -1.0436 -0.5142 -0.4180 -0.5042 0.1604 -0.3503 1.1198 1.1715 -0.8771 0.3198 -1.1397 -2.5162 -2.5126 
1.0672 0.4573 -1.4350 0.4224 1.0902 -1.2075 -0.3605 1.3788 -0.6148 -1.0398 1.2340 0.1600 -1.4058 0.7005 0.8777 -1.3454 -0.0570 1.3167 -0.8773 -0.8046 1.3415 -0.1461 -1.3114 0.9444 0.6226 -1.4211 0.2480 1.1913 -1.0997 -0.5326 1.3845 -0.4464 -1.1565 1.1426 0.3370 -1.4310 0.5402 1.0086 -1.2714 -0.2367 1.3612 -0.7269 -0.9482 1.2858 0.0343 -1.3746 0.8057 0.7772 -1.3843 0.0691 1.2725 -0.9743 -0.6964 1.3672 -0.2712 -1.2547 1.0320 0.5080 -1.4332 0.3706 1.1226 -1.1770 -0.4130 1.3830 
-0.8098 -0.8693 -0.7925 -0.8232 -0.9374 -0.7873 -0.8225 -0.8999 -0.8346 -0.8348 -0.7989 -0.9320 -0.8254 -0.7912 -0.8119 -0.8573 -0.7422 -0.7058 -0.7371 -0.7744 -0.8251 -0.7571 -0.7978 -0.7965 -0.7531 -0.7937 -0.7293 -0.8849 -0.8051 -0.8241 -0.9166 -0.8626 -0.6462 -0.8386 1.0059 1.0412 1.0774 1.1057 1.0258 1.0687 1.0676 1.0361 1.0522 1.1434 1.1777 1.2750 1.2720 1.3234 1.2441 1.1071 -0.4288 -0.1815 -0.4069 -0.3259 -0.2066 -0.1233 -0.2622 2.2609 2.2403 1.2175 1.5742 1.0932 1.8315 1.3125 
0.2239 -0.1321 -0.8850 -0.7048 -0.5520 -0.8901 -0.6026 -0.4606 0.0051 0.2563 -0.4808 -0.3698 -1.3827 -0.2568 -0.7548 -0.3451 -0.2872 0.1135 -0.0772 0.3487 0.0964 -0.5796 -0.2460 -0.6429 0.2667 0.3576 -0.2772 -0.4702 -0.7736 -0.0291 -0.6944 -0.1965 -0.2569 -0.7433 0.8546 0.5646 -0.3862 -0.1018 -0.0768 -0.3209 -1.2141 -0.1188 0.5869 -0.1969 -0.0334 -0.4986 0.1452 -0.5143 -0.7731 -0.7462 -0.1148 0.0440 -0.6785 0.3881 -0.3563 -0.6206 -0.4898 -0.7891 2.8236 2.7588 2.9667 2.4491 2.7146 3.1576 
0.0812 -0.0549 0.3766 0.0618 -0.0613 -0.0126 0.0095 0.2567 -0.0483 -0.1250 -0.6128 -0.0933 -0.1611 -0.0519 -0.8576 -0.4338 -0.8206 0.1973 -0.6393 -0.4647 0.2651 -0.0842 -0.8703 0.0371 0.1351 -0.4021 0.1008 0.7731 0.0281 -1.1183 -1.0634 -0.4875 0.2941 -0.0534 0.1949 -0.3557 -0.9101 -0.2544 0.4615 0.3009 -0.8280 -0.8967 0.4763 -0.3982 -0.1373 -0.1129 -0.1082 0.2717 0.1062 -0.5922 -0.9960 -0.8587 1.5652 1.7554 1.6401 1.9069 1.4587 -2.3639 -2.4547 -0.6923 -0.8087 2.3923 2.9858 3.1520 
-0.3854 0.1286 -0.5136 -0.2599 -1.3567 -0.4296 -0.2161 -0.6294 -0.6434 -0.5204 -0.5279 -0.9104 -0.4302 -0.3816 -0.6731 -0.6020 -0.8720 0.3308 -0.3953 -0.8650 -0.4883 -0.4196 -0.4417 -0.9980 0.0695 -0.4591 -0.5844 -0.5665 -0.7977 -0.7633 -0.5398 -1.2659 -0.2763 -0.9405 0.0545 -0.9942 -0.3774 -0.7719 -0.2177 -0.1923 -0.7743 0.0393 -0.5078 -0.1238 -0.6609 -1.2610 -0.0433 -0.3605 0.7220 0.9258 0.6836 0.7013 1.1560 1.8349 1.9140 1.9115 1.7909 1.8913 1.8225 1.9292 1.9007 0.6301 2.8277 2.1741 
-0.5470 -0.9984 1.3162 0.1004 -1.3384 0.9138 0.7304 -1.3897 0.3207 1.2088 -1.1413 -0.3366 1.4339 -0.6461 -0.9184 1.3577 -0.0094 -1.3008 0.9965 0.6331 -1.4025 0.4271 1.1449 -1.2017 -0.2292 1.4169 -0.7413 -0.8329 1.3913 -0.1191 -1.2554 1.0735 0.5323 -1.4067 0.5311 1.0743 -1.2548 -0.1204 1.3916 -0.8319 -0.7423 1.4167 -0.2280 -1.2023 1.1441 0.4283 -1.4026 0.6320 0.9974 -1.3003 -0.0107 1.3582 -0.9175 -0.6472 1.4337 -0.3354 -1.1421 1.2081 0.3220 -1.3899 0.7293 0.9147 -1.3381 0.0992 
-1.0319 -0.8347 -1.1410 -1.2413 -0.9282 -1.3425 -0.7084 -0.7697 -0.8118 -1.1776 -1.1478 -1.2243 -0.6629 -0.7994 -0.7115 -0.9307 -0.9004 -1.0232 -0.8026 -0.8289 -0.8988 -0.9346 -1.0139 -1.0964 -0.8052 -0.9311 -0.8278 -1.0200 -1.0270 1.0819 1.1734 1.0360 1.2941 1.3741 1.2533 1.1966 1.2196 1.3833 1.2901 1.0591 0.8777 1.2022 0.8868 1.1331 0.8498 1.4287 1.1834 1.0043 1.1666 0.9342 1.0089 1.4488 1.1913 0.5744 -0.0775 -0.2834 -0.1447 1.3826 -0.7010 -0.7556 0.2275 -0.8519 0.2777 0.2481 
0.6145 0.5224 0.7701 0.8473 0.6236 0.6572 0.7683 0.6590 0.6858 0.5387 0.8330 0.6187 0.7136 0.7566 0.5031 -0.6431 -0.0313 -0.3222 -0.2197 0.2616 -0.1154 -0.4006 -0.3898 -0.2560 -0.2787 -0.5492 -0.3293 -0.4721 -0.5205 -0.0562 -0.4924 -0.1516 -0.1613 1.2592 0.6649 1.3494 1.7376 0.6745 1.2342 1.0449 1.0107 1.6127 1.9187 1.0805 1.5349 1.3811 -0.6373 -0.5035 -0.6361 -0.4869 -1.0644 -0.7520 -0.5514 -0.5819 -1.1011 -0.5578 -1.7217 -1.7894 -1.8219 -1.8703 -1.7031 -2.1081 -1.9891 -1.6110 
0.8462 1.4024 1.0467 1.1959 0.7406 1.1391 -0.6725 -0.6210 -0.5661 -0.5651 -0.7027 -0.6153 -0.6245 -0.5968 -0.5972 -0.6288 -0.5995 -0.5757 -0.5912 -0.6657 -0.6676 -0.6535 -0.6129 -0.6212 -0.5764 -0.5891 -0.6426 -0.6171 -0.6199 -0.5795 -0.5704 -0.5963 -0.6734 -0.6278 -0.5800 -0.5771 -0.5909 -0.6507 -0.5823 -0.5959 -0.6508 -0.7004 -0.6393 -0.6622 -0.5985 -0.5748 -0.5860 -0.5842 -0.6461 1.9196 2.2576 1.0539 1.7258 1.9771 1.9882 1.5874 2.2965 -0.2659 -0.7342 0.5581 0.3101 0.9528 2.1174 2.3738 
0.5776 0.8451 0.7266 0.4798 0.2333 0.3171 0.6614 0.6130 0.2920 0.3396 0.4318 0.6617 0.6329 0.7141 0.4148 0.0421 0.4451 0.1323 0.6133 0.2951 0.5155 0.2973 0.1758 -0.0058 0.4175 0.4849 0.7000 0.1862 0.8640 0.5836 0.4371 0.7833 0.1146 0.2725 0.5200 1.1639 0.6220 0.2354 0.0423 0.2826 -0.1905 0.2468 0.0661 -0.0310 0.2128 0.1236 -0.0314 0.1147 0.1656 0.0618 0.0117 0.6307 0.2130 0.6044 0.9682 -2.3708 -2.6703 -2.0850 -2.2482 -2.5470 -1.8068 -2.3192 -2.5607 -2.7196 
-1.2557 -1.2359 -0.6126 0.1889 -0.7026 -0.8306 -0.9131 -0.9674 -1.5552 -0.9045 -0.3330 -0.3569 -0.5459 -1.4016 -1.1695 -0.6660 -0.3236 0.5177 0.3893 -0.5264 -0.5062 0.0566 -0.1753 -0.1508 0.2452 0.4352 -0.5385 -0.7062 -0.6528 -0.8108 -0.8110 -1.5329 -1.4364 -0.9903 -0.7826 -0.5302 -0.7342 0.0797 -0.1322 -0.7511 -0.3765 -0.3741 0.0530 0.1939 -0.5199 -0.2317 -0.1208 1.1402 1.7700 1.8174 1.9670 1.2945 1.2767 1.3045 1.6322 1.5352 1.0251 1.0575 1.5870 1.4536 1.6568 1.2833 1.7664 1.4382 
-0.1585 0.6538 1.2446 1.4130 1.1018 0.4167 -0.4094 -1.0956 -1.4087 -1.2422 -0.6528 0.1592 0.9178 1.3650 1.3490 0.8751 0.1043 -0.7012 -1.2676 -1.4025 -1.0600 -0.3564 0.4690 1.1356 1.4169 1.2172 0.6045 -0.2131 -0.9576 -1.3758 -1.3257 -0.8243 -0.0419 0.7553 1.2965 1.3977 1.0244 0.3036 -0.5198 -1.1657 -1.4147 -1.1821 -0.5470 0.2747 1.0038 1.3923 1.3082 0.7801 -0.0125 -0.8002 -1.3151 -1.3824 -0.9790 -0.2422 0.5777 1.2018 1.4181 1.1531 0.4967 -0.3278 -1.0402 -1.3983 -1.2804 -0.7266 
1.2082 0.3444 -1.4436 0.3159 1.2225 -0.9912 -0.7888 1.3234 0.0630 -1.4179 0.5844 1.0623 -1.1794 -0.5344 1.3842 -0.2219 -1.3359 0.8282 0.8581 -1.3210 -0.2593 1.3880 -0.4989 -1.2010 1.0376 0.6183 -1.4102 0.0252 1.3347 -0.7567 -1.0185 1.2040 0.3525 -1.4435 0.3077 1.2265 -0.9849 -0.7960 1.3208 0.0715 -1.4195 0.5767 1.0677 -1.1744 -0.5423 1.3832 -0.2135 -1.3391 0.8214 0.8648 -1.3175 -0.2677 1.3887 -0.4909 -1.2057 1.0319 0.6259 -1.4084 0.0167 1.3371 -0.7494 -1.0246 1.1998 0.3607 
-0.6205 -0.6080 -0.6042 -0.6499 -0.4234 -0.4046 -0.5775 -0.3485 -0.3953 -0.4330 -0.4492 -0.3568 -0.5029 -0.3303 -0.4250 -0.4685 -0.3802 -0.4094 -0.5030 -0.4445 -0.5196 -0.5265 -0.3623 -0.4308 -0.4106 -0.4830 -0.5791 -0.5105 -0.4921 -0.5705 -0.4506 -0.4582 -0.4251 -0.4386 -0.4938 -0.3623 -0.5148 -0.5329 -0.4186 -0.4646 -0.4706 -0.4555 1.4463 1.5211 1.4330 1.4670 1.4178 1.4210 1.5483 1.6184 1.5844 1.3596 1.2439 1.5187 1.4737 1.6800 1.1891 2.0417 1.1694 1.0592 0.3000 -2.4243 -2.3813 -1.9820 
0.3178 -0.2495 -0.7782 -1.1845 -1.4042 -1.4026 -1.1798 -0.7713 -0.2415 0.3257 0.8406 1.2218 1.4089 1.3723 1.1179 0.6858 0.1445 -0.4204 -0.9197 -1.2742 -1.4280 -1.3566 -1.0714 -0.6176 -0.0668 0.4938 0.9755 1.3020 1.4219 1.3160 1.0012 0.5272 -0.0310 -0.5850 -1.0473 -1.3447 -1.4302 -1.2902 -0.9469 -0.4546 0.1089 0.6543 1.0954 1.3625 1.4133 1.2397 0.8692 0.3604 -0.2061 -0.7408 -1.1592 -1.3949 -1.4108 -1.2042 -0.8080 -0.2847 0.2828 0.8048 1.1987 1.4022 1.3831 1.1445 0.7240 0.1882 
-0.5808 -0.5780 -0.1964 0.0002 0.0549 0.2919 0.4017 0.2156 0.3687 0.5255 0.9832 0.9277 0.8585 0.2400 -0.0421 -0.3596 -0.2143 0.0313 0.0114 -0.5697 -1.2854 -1.2344 -1.3217 -1.2444 -1.1065 -1.6385 -1.3539 -0.9964 -0.4317 0.2949 1.1172 1.1640 1.1382 1.5724 1.2366 1.2511 1.4399 1.4464 1.8110 1.7870 1.9530 1.8300 1.1475 0.8224 0.5678 0.2808 -0.4645 -0.2205 -0.5204 -0.7001 -0.5791 -0.3121 0.4966 0.0429 -0.4515 -0.7689 -0.7280 -0.4769 -0.3137 -0.7230 -1.5266 -1.5685 -1.4449 -2.3576 
-0.2262 -1.1655 -1.3876 -0.7572 0.3411 1.2368 1.3833 0.6912 -0.4172 -1.2652 -1.3354 -0.5848 0.5284 1.3247 1.3182 0.5128 -0.6000 -1.3409 -1.2577 -0.4012 0.7058 1.3877 1.2282 0.3248 -0.7713 -1.3909 -1.1559 -0.2097 0.8701 1.4245 1.1152 0.1308 -0.9277 -1.4143 -1.0320 -0.0141 1.0180 1.4345 0.9811 -0.0655 -1.0664 -1.4108 -0.8884 0.1819 1.1468 1.4175 0.8286 -0.2603 -1.1847 -1.3803 -0.7278 0.3746 1.2541 1.3737 0.6606 -0.4501 -1.2804 -1.3235 -0.5532 0.5605 1.3377 1.3041 0.4802 -0.6311 
-0.0933 0.1305 -0.2376 -0.4661 0.1954 -0.6366 0.1023 -0.4332 -0.3563 -0.2221 0.1225 -0.2779 -0.0008 -0.3533 -0.3934 -0.1441 -0.0234 -0.5724 -0.0952 -0.3029 -0.2550 -0.6321 -0.4150 -0.4093 -0.0434 -0.2468 -0.0638 0.0505 -0.1227 -0.1101 -0.2140 -0.0356 -0.1645 0.2752 -0.4514 -0.1315 -0.8381 -0.3864 -0.6615 -0.2331 -0.5055 -0.2542 -0.0586 -0.7268 -0.6668 -0.3734 -1.0115 0.1665 -0.4767 -0.1398 -1.2801 -0.2900 -1.1796 -0.7526 -1.5347 -1.0772 2.4123 3.0147 3.0635 2.7362 1.5883 1.2851 2.5670 2.6406 
-0.5113 -0.8996 -0.8079 -0.2812 -0.5215 -0.5956 -0.8932 -0.9564 -0.7346 -0.0027 -0.6304 -0.8996 -0.8524 -0.3021 -0.2356 -0.3640 -0.8252 0.0484 -0.3737 -0.6446 -1.1051 -0.1890 -1.4191 0.0346 -0.5215 -1.0432 -0.1412 -0.5886 0.2181 -1.7739 -1.0320 -1.2430 -0.2587 -0.5351 -1.2128 -0.9765 2.0890 0.8714 1.4076 -0.2616 -0.3370 0.9044 0.4328 0.8451 0.7646 1.1006 1.1449 -0.0161 0.3344 1.0720 2.2230 2.5209 1.6283 2.1624 2.2153 1.7456 1.3613 -0.0650 0.1581 -0.2703 -0.3347 -0.4814 0.0382 -0.1832 
1.1452 1.3733 0.8401 -0.1607 -1.0780 -1.4065 -0.9654 0.0024 0.9640 1.3897 1.0450 0.1199 -0.8762 -1.3948 -1.1501 -0.2770 0.7437 1.3498 1.2076 0.3953 -0.6396 -1.3273 -1.2889 -0.5456 0.4932 1.2554 1.3213 0.6545 -0.3777 -1.2068 -1.3763 -0.7927 0.2225 1.1102 1.3815 0.8870 -0.1009 -1.0383 -1.4088 -1.0083 -0.0575 0.9200 1.3859 1.0835 0.1795 -0.8284 -1.3850 -1.1838 -0.3356 0.6924 1.3342 1.2362 0.4524 -0.5855 -1.3059 -1.3120 -0.6005 0.4367 1.2285 1.3387 0.7067 -0.3195 -1.1747 -1.3879 
1.3003 0.1189 -1.1642 -1.2371 -0.0252 1.2323 1.2497 0.0091 -1.2209 -1.1827 0.0846 1.2853 1.1917 -0.1005 -1.2701 -1.1212 0.1939 1.3306 1.1266 -0.2094 -1.3115 -1.0528 0.3023 1.3681 1.0550 -0.3170 -1.3450 -0.9779 0.4089 1.3975 0.9770 -0.4225 -1.3702 -0.8970 0.5132 1.4185 0.8934 -0.5254 -1.3871 -0.8107 0.6145 1.4312 0.8044 -0.6250 -1.3955 -0.7193 0.7122 1.4354 0.7108 -0.7207 -1.3955 -0.6235 0.8058 1.4311 0.6130 -0.8120 -1.3869 -0.5239 0.8946 1.4183 0.5116 -0.8983 -1.3699 -0.4210 
-1.3410 -0.9318 -0.1810 0.6453 1.2544 1.4303 1.1106 0.4087 -0.4266 -1.0993 -1.3710 -1.1454 -0.5024 0.3301 1.0570 1.4207 1.2922 0.7172 -0.1007 -0.8714 -1.3219 -1.2924 -0.7935 -0.0019 0.8017 1.3327 1.4026 0.9869 0.2328 -0.5924 -1.1963 -1.3647 -1.0380 -0.3320 0.5030 1.1712 1.4357 1.2027 0.5549 -0.2782 -1.0013 -1.3581 -1.2221 -0.6416 0.1778 0.9455 1.3896 1.3525 0.8475 0.0535 -0.7480 -1.2730 -1.3354 -0.9131 -0.1557 0.6683 1.2668 1.4277 1.0941 0.3840 -0.4507 -1.1143 -1.3715 -1.1312 
-0.7489 -1.3085 -1.3187 -1.5651 -1.5605 -1.3669 -1.3721 -1.5257 -1.8755 -1.7797 -1.5023 -0.8209 -0.2983 -0.6809 -0.5774 0.0856 1.0046 1.0132 0.6241 0.4231 0.4241 0.0612 0.3784 0.3882 0.5123 0.6544 0.6786 1.1913 1.1883 1.4054 2.0908 1.7897 1.7066 1.6765 1.6175 1.0568 1.0657 1.2604 1.2305 1.1213 0.9090 0.3060 0.2143 0.4122 0.1243 0.0144 -0.1753 -0.1823 -0.5567 -0.5203 -0.2156 -0.5308 -0.0991 -0.0097 -0.2280 -0.3520 -0.1004 -0.5036 -0.9735 -1.1366 -1.0985 -0.4310 -0.5521 -0.6623 
0.2617 0.1130 -0.3608 -0.1879 0.2456 -0.0497 -0.1782 0.0701 -0.1517 0.0675 -0.1512 -0.0733 0.0144 0.0133 -0.2814 0.2276 -0.1536 -0.0604 -0.1961 -0.3308 -0.1998 -0.2912 0.0817 0.2466 -0.9120 -0.9503 -0.8570 -0.8689 -0.8689 -0.8434 -0.8473 -0.9672 -0.9346 -0.9523 -0.9189 -0.9523 -0.9324 -0.9150 -0.9941 -0.8830 -0.8328 -0.9753 -1.0198 -0.9180 -0.9377 -0.8633 0.6659 0.6251 2.3694 2.4001 2.4027 2.3679 2.4048 2.5345 2.3602 0.6106 0.1129 0.3205 0.5893 -0.2881 1.4172 0.0639 -0.0344 0.5465 
1.3792 0.4396 -1.2965 -0.6914 1.1613 0.9132 -0.9872 -1.1054 0.7722 1.2523 -0.5329 -1.3569 0.2694 1.4069 -0.0003 -1.4089 -0.2732 1.3543 0.5322 -1.2537 -0.7758 1.1022 0.9862 -0.9141 -1.1644 0.6878 1.2950 -0.4402 -1.3817 0.1720 1.4129 0.0984 -1.3959 -0.3693 1.3228 0.6223 -1.2048 -0.8564 1.0378 1.0545 -0.8366 -1.2176 0.6000 1.3313 -0.3454 -1.3998 0.0737 1.4121 0.1965 -1.3762 -0.4636 1.2848 0.7093 -1.1501 -0.9329 0.9684 1.1175 -0.7550 -1.2650 0.5093 1.3612 -0.2489 -1.4111 -0.0250 
0.6020 0.6640 1.2074 0.0803 0.7200 0.9684 -0.0221 1.4651 0.4758 0.1606 0.5899 -0.0008 -1.1259 -0.6661 -0.5484 -0.2465 -1.0906 -0.6326 -0.8639 -0.4551 0.5445 -0.9183 0.3188 -0.1532 -0.6749 -0.7391 -1.2189 -0.4494 -0.1820 -0.5552 0.5583 0.1963 -0.2613 -0.3660 0.2405 -0.5987 -0.3958 -0.1107 0.2072 -0.6355 -0.9310 -0.3357 -1.0902 -0.5756 -0.8859 -0.1613 -0.7650 -0.7583 -0.3583 -0.6610 -0.6393 -0.1383 -0.6255 -0.6269 -0.7903 -0.9937 3.1682 3.3800 0.9709 0.5385 2.6518 -0.5501 2.6705 1.4184 
-2.2154 -2.0042 -1.7491 -1.3882 -0.9849 -0.7168 -0.9988 -0.9095 -0.7109 -0.7105 -1.1887 -1.1598 -1.6055 -1.4272 -1.2839 -1.3125 -1.3403 -1.4361 -1.2924 -0.5835 -0.9912 -0.5173 -0.1101 0.0573 0.0263 0.0932 0.1048 0.5442 1.2008 0.8746 1.1209 1.1936 1.0585 1.3719 1.4641 1.5500 1.0691 1.0203 0.7750 0.1242 0.0789 0.2786 -0.0217 0.0476 0.0368 0.0529 0.0294 0.1836 -0.0268 0.0088 0.0146 0.3542 0.9494 1.0250 0.9952 1.0910 1.0173 1.1923 1.1924 0.8769 1.0625 0.8968 0.8867 0.7656 
-0.3468 -0.6332 -0.2761 -0.4078 -0.5492 -0.4367 -0.3232 -0.2788 -0.3520 -0.3285 -0.2841 -0.2138 -0.5420 -0.3296 -0.2793 -0.3008 -0.2894 -0.0355 -0.1550 -0.2042 0.7564 0.6680 0.5202 0.7201 0.9883 0.7338 0.8801 0.6596 0.8022 0.5057 0.6883 0.7244 0.8973 0.8622 0.7628 0.8295 0.7770 0.7273 0.7051 0.7601 0.8138 0.7648 0.9234 0.6817 1.0564 0.7499 0.8908 0.9510 0.5439 0.5735 0.7495 0.3659 -1.7892 -1.7366 -2.7634 -2.5991 -2.5197 0.1494 0.1947 0.1398 0.1968 -1.8610 -2.0360 -2.8426 
2.2405 2.1509 2.0433 2.0520 2.1161 2.1209 2.0505 1.8780 1.8099 1.6798 0.9093 0.7693 0.7759 0.6561 0.6480 0.4931 -0.0893 0.0714 -0.0110 -0.2679 -0.3326 -0.3614 -0.2864 -0.5525 -0.4985 -0.4547 -1.0126 -0.9924 -0.7989 -0.4545 -0.6360 -0.3964 -0.9346 -0.7454 -1.2878 -0.7121 -0.6493 -0.9105 -0.9970 -1.0989 -0.9704 -0.5271 -0.5104 -0.5197 -0.3254 0.0140 0.0269 0.2712 0.1659 0.1413 0.2790 -0.2507 -0.3207 -0.1478 -0.1691 -0.7201 -0.4833 -0.6528 -0.8780 -0.6845 -0.7433 -0.7569 -0.8546 -1.3678 
-0.9562 -0.6658 -0.8674 -0.8357 -0.2385 -0.4017 -0.7340 -0.5987 0.3102 0.1977 0.1951 0.6769 1.6717 1.6565 1.2690 1.3801 1.0831 0.8551 0.9589 0.8662 0.8151 -0.1701 -0.1206 -0.0088 0.1123 -0.2317 -0.4659 -0.4675 0.0247 0.3874 1.0370 1.1500 1.5067 0.9238 0.6550 -0.0953 0.5894 0.2556 0.3014 1.0780 1.6828 1.2364 1.2606 1.6099 0.8537 -0.1223 -0.1745 -0.2581 -0.3138 -0.2781 -0.2963 -1.2011 -1.0151 -0.9867 -1.6127 -1.8823 -0.9745 -1.7193 -1.1853 -1.5801 -0.9339 -1.2221 -1.5049 -2.4813 
0.6543 0.4136 0.3442 0.7411 -0.7320 -0.7376 -0.7962 -0.8011 -0.6502 -0.6839 -0.7542 -0.6955 -0.6246 -0.5638 -0.6278 -0.6353 -0.7641 -0.8043 -0.7432 -0.7596 -0.6777 -0.5293 -0.7499 -0.6167 -0.6854 -0.6240 -0.6661 -0.7196 -0.7827 -0.7141 -0.6149 -0.7236 -0.6310 -0.7518 -1.3516 -1.7346 -1.9707 -1.4943 -1.7921 1.4336 0.8830 1.3670 1.5571 1.3409 1.4160 1.1532 1.6627 1.1930 0.9521 1.4636 0.8091 0.9980 1.0356 1.3639 1.4377 1.4599 1.8704 0.4656 0.3427 0.3681 0.7379 0.8372 0.3643 0.5380 
1.0603 1.2262 1.3097 1.3056 1.2141 1.0410 0.7970 0.4973 0.1606 -0.1921 -0.5389 -0.8581 -1.1299 -1.3374 -1.4676 -1.5123 -1.4689 -1.3400 -1.1337 -0.8628 -0.5441 -0.1976 0.1552 0.4923 0.7927 1.0377 1.2120 1.3048 1.3103 1.2281 1.0634 0.8265 0.5320 0.1983 -0.1537 -0.5022 -0.8254 -1.1033 -1.3184 -1.4575 -1.5117 -1.4779 -1.3580 -1.1595 -0.8948 -0.5804 -0.2359 0.1173 0.4571 0.7625 1.0143 1.1969 1.2989 1.3140 1.2412 1.0850 0.8553 0.5662 0.2358 -0.1153 -0.4652 -0.7922 -1.0759 -1.2986 
0.7734 0.6450 0.7145 0.6719 0.7135 0.6251 0.7176 0.7192 0.6979 0.8033 0.6943 0.7580 0.6435 0.6518 3.7641 2.4502 -0.7858 -0.6936 -0.5935 -0.5248 -0.6911 -0.6306 -0.6425 -0.8598 -0.6976 -0.6029 -0.7369 -0.6819 -0.6265 -0.7075 -0.6172 -0.7315 -0.7224 -0.6751 -0.5471 -0.6053 -0.7953 -0.7612 -0.6884 -0.6854 -0.7326 -0.7593 -0.6385 -0.6346 -0.6858 -0.7231 -0.6644 -0.6635 -0.7233 -0.6732 -0.6915 -0.7221 2.9970 2.4112 0.7033 0.6679 0.6925 0.7261 0.7176 0.7476 0.7121 -1.1721 -0.3340 -0.2967 
-0.2163 -0.6277 -0.6252 -0.5754 -0.7160 -0.7390 -0.7301 -0.7509 -0.7417 -0.7760 -0.2257 -0.3147 -0.8770 -0.7465 -0.7464 -0.6601 -0.7648 -0.8675 -0.9702 -0.9780 -0.9887 -0.8849 -0.9195 -1.2523 -1.3301 -1.0964 -0.7484 -0.7234 -0.4434 -0.6979 -0.8368 -0.7818 -0.7266 -0.9684 -0.9764 -0.9046 -0.5095 -0.4142 -0.2254 0.0031 0.0734 0.3812 0.4755 0.6576 1.2042 0.8595 1.0974 1.4823 1.3218 1.3438 1.6868 1.1931 1.2020 1.8017 1.5851 1.5820 1.5977 1.6193 1.6088 1.5647 1.4673 1.2219 1.0383 1.0093 
0.7443 -1.2384 -0.6393 1.2925 0.5296 -1.3376 -0.4163 1.3728 0.2998 -1.3983 -0.1813 1.4136 0.0613 -1.4189 0.0589 1.4138 -0.1789 -1.3987 0.2974 1.3734 -0.4140 -1.3384 0.5274 1.2935 -0.6372 -1.2396 0.7422 1.1766 -0.8421 -1.1053 0.9357 1.0258 -1.0228 -0.9392 1.1023 0.8456 -1.1741 -0.7461 1.2373 0.6411 -1.2918 -0.5317 1.3368 0.4182 -1.3723 -0.3019 1.3978 0.1833 -1.4135 -0.0635 1.4188 -0.0569 -1.4140 0.1767 1.3990 -0.2955 -1.3740 0.4119 1.3390 -0.5255 -1.2945 0.6352 1.2405 -0.7405 
-0.8335 0.0392 -1.0685 -0.6368 -1.1963 -0.4613 -1.1940 -0.7149 -0.3878 -0.4985 -0.1951 -0.8658 0.0388 -0.6518 -0.1552 -0.8182 -0.4083 0.3673 -0.7564 -0.3672 -1.0531 -0.0996 -0.3593 -1.0475 -0.6900 -0.1135 -1.3474 -1.2701 -0.9664 0.2214 0.0589 -0.8327 -0.0119 0.4825 0.0193 -0.5629 -0.4295 0.0084 -0.4105 0.3650 -1.0946 -1.1152 -1.1813 -1.8070 -1.4393 1.2991 1.3932 1.3282 1.5085 1.5836 0.8728 1.6171 1.2477 1.1390 1.4731 1.3719 1.4519 1.6569 1.6903 1.4962 1.8552 1.4615 0.8343 0.1598 
1.3617 1.3363 1.4871 1.0870 1.3566 1.2841 1.3192 1.2977 1.3565 1.3276 1.8339 -0.6348 -0.5322 -0.6393 -0.5136 -0.5368 -0.6860 -0.6673 -0.6005 -0.5387 -0.5539 -0.4912 -0.6618 -0.4691 -0.2757 -0.0979 -0.1682 -0.1970 -0.2306 0.0958 -0.0065 -0.0644 -0.2000 -1.3883 -1.3793 -1.3919 -1.4047 -1.3778 -0.0091 0.0003 0.0445 -0.4213 -0.1887 -0.2233 -0.3501 -0.2230 -0.4108 0.0113 -0.0741 -0.4991 -0.6638 -0.0738 -0.2918 -1.5450 -1.5593 -1.6074 -1.6526 1.9075 1.8797 1.7909 1.0988 2.1066 0.5728 0.9448 
-1.3674 -0.1344 1.4217 0.1058 -1.3802 0.0149 1.4266 -0.0437 -1.3771 0.1643 1.4155 -0.1925 -1.3581 0.3121 1.3886 -0.3389 -1.3234 0.4566 1.3462 -0.4812 -1.2734 0.5962 1.2888 -0.6177 -1.2087 0.7293 1.2170 -0.7469 -1.1301 0.8543 1.1317 -0.8675 -1.0383 0.9700 1.0338 -0.9779 -0.9345 1.0748 0.9244 -1.0769 -0.8199 1.1678 0.8048 -1.1635 -0.6957 1.2477 0.6763 -1.2366 -0.5633 1.3138 0.5404 -1.2954 -0.4242 1.3652 0.3987 -1.3393 -0.2801 1.4014 0.2526 -1.3677 -0.1326 1.4219 0.1040 -1.3803 
1.3268 0.3222 -0.9387 -1.3801 -0.6253 0.6816 1.4255 0.9717 -0.2926 -1.2887 -1.1666 -0.0305 1.1502 1.3681 0.4372 -0.8481 -1.3912 -0.7287 0.5742 1.4057 1.0564 -0.1757 -1.2393 -1.2269 -0.1490 1.0746 1.3999 0.5494 -0.7513 -1.3923 -0.8267 0.4628 1.3761 1.1338 -0.0573 -1.1809 -1.2783 -0.2664 0.9914 1.4219 0.6578 -0.6490 -1.3834 -0.9188 0.3484 1.3369 1.2034 0.0616 -1.1141 -1.3206 -0.3817 0.9015 1.4341 0.7617 -0.5420 -1.3647 -1.0043 0.2316 1.2885 1.2645 0.1803 -1.0392 -1.3534 -0.4942 
-0.7129 -0.6593 -0.7488 -0.6991 -0.7241 -0.6980 -0.6686 -0.6996 -0.6868 -0.6938 -0.7081 -0.6746 -0.7729 -0.6940 -0.7230 -0.6216 -0.6907 -0.7518 -0.7054 -0.6990 -0.7055 -0.6960 -0.7458 -0.7611 -0.7136 -0.7134 -0.7378 -0.6920 -0.7496 -0.7579 -0.6996 -0.7054 -0.7031 -0.6958 -0.6993 -0.7062 -0.7060 -0.6983 -0.6988 -0.7159 1.0822 1.1302 1.0751 1.0725 1.1268 1.1139 1.0616 1.3985 1.4068 1.3965 1.3919 1.4120 1.3904 1.4110 1.4082 1.4072 1.1755 1.1093 2.2101 2.1268 2.1024 0.6725 -0.6502 -0.6978 
0.6565 -1.1537 -0.9133 0.9589 1.2005 -0.6095 -1.3171 0.3107 1.4374 0.0997 -1.3714 -0.4125 1.3055 0.7889 -1.0621 -1.0221 0.8392 1.2785 -0.4698 -1.3591 0.1601 1.4406 0.2511 -1.3357 -0.5547 1.2332 0.9125 -0.9579 -1.1189 0.7101 1.3420 -0.3243 -1.3852 0.0080 1.4276 0.3999 -1.2843 -0.6903 1.1469 1.0258 -0.8425 -1.2025 0.5731 1.3903 -0.1749 -1.3951 -0.1440 1.3983 0.5443 -1.2178 -0.8176 1.0476 1.1276 -0.7170 -1.2719 0.4298 1.4229 -0.0232 -1.3886 -0.2941 1.3531 0.6828 -1.1370 -0.9352 
-0.4925 1.4117 -0.5843 -1.0025 1.3049 0.0052 -1.3346 0.9626 0.5921 -1.4292 0.4462 1.0712 -1.2695 -0.1518 1.3568 -0.8841 -0.7243 1.3976 -0.3420 -1.1688 1.1864 0.2597 -1.4055 0.7609 0.8132 -1.3922 0.1975 1.2193 -1.1311 -0.4030 1.4054 -0.6691 -0.9330 1.3379 -0.0889 -1.2975 1.0292 0.5055 -1.4313 0.5343 1.0077 -1.3104 -0.0579 1.3277 -0.9564 -0.6414 1.4081 -0.4328 -1.1117 1.2347 0.1667 -1.3846 0.8383 0.7346 -1.4111 0.2901 1.1693 -1.1865 -0.3117 1.3928 -0.7510 -0.8594 1.3651 -0.1827 
0.0664 0.2786 -0.4294 0.5719 -0.2262 -0.5075 -0.3062 -0.0415 0.3321 -0.2539 -0.1094 -0.2266 -0.3283 -0.1992 -0.5292 -0.0825 -0.1238 -0.3573 -0.2907 -0.0113 0.0703 0.3764 -0.7054 0.2908 -0.3056 0.3594 0.5593 -0.0045 -0.2124 0.2956 -0.0537 -0.3786 0.0841 -0.4231 -0.0933 -0.3042 -0.1075 -0.1323 -0.2790 0.1856 0.0412 -0.1352 0.0140 0.6242 -0.2984 0.0981 -0.4898 -0.0890 -0.0680 -0.2817 0.1987 -0.2722 0.9298 -0.6114 2.5784 2.5647 2.5718 -1.8016 -2.3481 -0.4061 3.2590 2.4669 -2.4920 -2.5014 
-0.2288 -0.1623 -0.8187 -0.5475 -1.2009 -1.2551 -1.3223 -0.7903 -1.0424 -1.1842 -1.1869 -0.7027 -1.0618 -0.7186 -0.3383 -0.3492 -0.2399 0.3599 0.2003 0.4403 -0.4836 -0.8111 -1.3610 -1.4351 -1.2326 -1.3913 -1.4354 -1.3723 -1.2352 -0.7436 -0.6419 -0.5920 0.0119 -0.5860 -0.7016 -1.0317 -0.3645 -0.0872 -0.1158 0.5596 0.6320 0.7500 0.9672 1.2007 1.2441 1.2187 1.7705 1.5674 1.5673 1.6754 1.4082 1.2217 1.1754 1.0404 0.5014 0.5133 0.9657 1.2665 1.2102 1.3163 1.1683 1.0325 0.8025 0.9837 
1.2584 0.8994 0.3779 -0.2158 -0.7787 -1.2130 -1.4435 -1.4302 -1.1754 -0.7233 -0.1523 0.4386 0.9468 1.2842 1.3923 1.2523 0.8885 0.3641 -0.2301 -0.7909 -1.2211 -1.4461 -1.4268 -1.1666 -0.7106 -0.1379 0.4521 0.9571 1.2896 1.3918 1.2460 0.8776 0.3503 -0.2443 -0.8031 -1.2291 -1.4485 -1.4233 -1.1577 -0.6979 -0.1236 0.4655 0.9674 1.2949 1.3912 1.2396 0.8665 0.3365 -0.2585 -0.8152 -1.2370 -1.4509 -1.4196 -1.1487 -0.6851 -0.1093 0.4790 0.9776 1.3000 1.3904 1.2331 0.8553 0.3226 -0.2726 
-0.1438 0.0247 -0.4733 -0.1438 -0.3152 -0.1670 -0.1210 -0.0661 -0.3932 -0.2366 -0.1025 -0.2393 -0.3265 -0.3802 -0.2661 -0.2250 -0.0066 -0.4803 -0.2078 -0.1957 0.0158 -0.1646 -0.3137 -0.0314 -0.3448 -0.0006 -0.3307 -0.0969 -0.1155 -0.2325 -0.0324 -0.0586 -0.1753 -0.1518 -0.1171 -0.1431 -0.2387 -0.3562 -0.3484 -0.1215 -0.1341 0.0481 -0.1702 -0.2587 2.0677 1.4418 2.0981 1.8799 1.7515 1.1870 1.0527 1.6879 1.1902 0.3816 1.3171 1.0249 0.4229 0.5666 -2.3102 -2.5399 2.2678 -2.1044 -2.5795 -2.4655 
2.7380 2.2927 2.1390 1.8099 1.4906 1.2255 1.6167 1.6526 1.6967 1.6009 1.4536 0.9250 0.8230 0.9586 0.8689 0.3896 0.3420 -0.3822 -0.2375 -0.0790 -0.0218 -0.0910 -0.7749 -0.4030 -0.1579 -0.2612 -0.7259 -0.7724 -0.7298 -0.5462 -0.0868 0.0297 0.2295 0.4673 0.3118 0.3637 -0.0835 0.1902 0.1630 -0.1102 -0.3342 -0.2964 -0.4958 -0.5953 -0.6417 -0.3003 -0.8344 -0.6483 -0.6363 -1.1156 -1.0467 -0.7224 -0.6189 -0.8871 -0.7917 -1.2484 -1.3366 -1.1834 -1.1974 -0.9921 -0.9447 -0.8358 -1.4301 -1.1814 
-0.9777 0.2668 -0.0968 -0.2218 0.3620 0.0753 -0.4294 0.6038 0.0360 -0.2259 0.3441 -0.0020 0.0576 -0.1456 -0.0210 -0.1897 -0.0661 -0.1016 -0.6322 0.3516 -0.2601 0.1302 0.3323 -0.3653 -0.0726 0.5305 0.0031 -0.1376 0.1288 0.0326 0.2518 0.1289 0.0172 0.0349 -0.2419 -0.2109 -0.5041 0.0526 -0.3517 -0.3344 -0.1203 -0.2576 0.2637 -0.1079 -0.1716 0.0826 -0.1097 0.1371 0.1391 0.0218 -0.1589 0.4904 0.6674 0.5178 -0.2713 -1.9299 -1.8637 -0.2568 -3.2154 3.7076 1.8058 4.6700 -1.1540 -1.0381 
-1.3105 -1.1336 -0.0750 1.0612 1.4121 0.7111 -0.5093 -1.3222 -1.1102 -0.0342 1.0884 1.4050 0.6752 -0.5468 -1.3328 -1.0858 0.0066 1.1146 1.3968 0.6387 -0.5838 -1.3422 -1.0605 0.0474 1.1399 1.3874 0.6017 -0.6203 -1.3505 -1.0343 0.0882 1.1643 1.3768 0.5642 -0.6562 -1.3576 -1.0071 0.1289 1.1877 1.3651 0.5263 -0.6915 -1.3635 -0.9791 0.1696 1.2102 1.3523 0.4880 -0.7263 -1.3682 -0.9503 0.2101 1.2316 1.3383 0.4492 -0.7604 -1.3718 -0.9206 0.2505 1.2520 1.3233 0.4101 -0.7938 -1.3742 
-0.1054 -1.3778 -0.4791 1.2070 1.0846 -0.6578 -1.3377 0.0918 1.4297 0.6162 -1.0962 -1.0711 0.6528 1.4215 0.0514 -1.3480 -0.6222 1.1114 1.1837 -0.5166 -1.3717 -0.0651 1.3915 0.7556 -0.9939 -1.1634 0.5081 1.4471 0.2080 -1.3015 -0.7574 1.0026 1.2688 -0.3687 -1.3887 -0.2209 1.3368 0.8861 -0.8791 -1.2411 0.3575 1.4554 0.3624 -1.2388 -0.8829 0.8821 1.3388 -0.2159 -1.3885 -0.3735 1.2663 1.0063 -0.7532 -1.3033 0.2030 1.4465 0.5128 -1.1606 -0.9974 0.7512 1.3930 -0.0601 -1.3709 -0.5212 
-0.8968 0.0178 0.9275 1.4075 1.2336 0.4871 -0.4835 -1.2248 -1.3906 -0.9035 0.0090 0.9208 1.4060 1.2380 0.4953 -0.4753 -1.2204 -1.3922 -0.9102 0.0003 0.9141 1.4045 1.2424 0.5036 -0.4670 -1.2160 -1.3936 -0.9169 -0.0085 0.9073 1.4029 1.2467 0.5118 -0.4587 -1.2115 -1.3950 -0.9236 -0.0173 0.9005 1.4012 1.2510 0.5200 -0.4504 -1.2070 -1.3964 -0.9302 -0.0261 0.8937 1.3995 1.2552 0.5282 -0.4421 -1.2024 -1.3977 -0.9368 -0.0349 0.8868 1.3977 1.2594 0.5363 -0.4338 -1.1978 -1.3990 -0.9433 
-0.4896 0.7989 1.4026 0.8122 -0.4742 -1.3712 -1.1221 0.0630 1.1843 1.2956 0.3030 -0.9559 -1.4191 -0.6957 0.6039 1.3833 0.9848 -0.2553 -1.2907 -1.2478 -0.1629 1.0488 1.3648 0.5186 -0.7759 -1.4265 -0.8843 0.3933 1.3283 1.1319 -0.0303 -1.1776 -1.3421 -0.3850 0.8863 1.3990 0.7206 -0.5765 -1.3979 -1.0507 0.1723 1.2392 1.2498 0.1952 -1.0348 -1.4025 -0.5976 0.7008 1.3972 0.9040 -0.3626 -1.3340 -1.1906 -0.0534 1.1181 1.3355 0.4154 -0.8660 -1.4274 -0.7953 0.4971 1.3594 1.0639 -0.1399 
1.0374 1.3832 1.2458 0.6727 -0.1381 -0.9064 -1.3667 -1.3599 -0.8883 -0.1150 0.6928 1.2561 1.3800 1.0219 0.3054 -0.5218 -1.1739 -1.4255 -1.1898 -0.5480 0.2779 1.0025 1.3756 1.2680 0.7171 -0.0869 -0.8660 -1.3511 -1.3745 -0.9281 -0.1662 0.6479 1.2329 1.3867 1.0560 0.3552 -0.4735 -1.1438 -1.4241 -1.2174 -0.5952 0.2274 0.9663 1.3660 1.2885 0.7605 -0.0355 -0.8245 -1.3337 -1.3873 -0.9666 -0.2172 0.6021 1.2082 1.3915 1.0887 0.4045 -0.4246 -1.1123 -1.4208 -1.2435 -0.6417 0.1766 0.9287 
-0.1412 -0.3865 -0.6163 -0.8234 -1.0013 -1.1445 -1.2484 -1.3099 -1.3269 -1.2990 -1.2271 -1.1133 -0.9612 -0.7757 -0.5625 -0.3283 -0.0804 0.1734 0.4252 0.6670 0.8914 1.0913 1.2604 1.3934 1.4862 1.5359 1.5408 1.5010 1.4175 1.2930 1.1315 0.9379 0.7184 0.4798 0.2295 -0.0245 -0.2744 -0.5123 -0.7308 -0.9230 -1.0828 -1.2054 -1.2869 -1.3246 -1.3175 -1.2657 -1.1709 -1.0361 -0.8654 -0.6642 -0.4389 -0.1964 0.0557 0.3094 0.5568 0.7902 1.0022 1.1863 1.3366 1.4485 1.5184 1.5441 1.5249 1.4614 
1.3956 1.3470 1.2790 1.1925 1.0888 0.9693 0.8358 0.6903 0.5348 0.3716 0.2031 0.0318 -0.1401 -0.3097 -0.4748 -0.6329 -0.7818 -0.9193 -1.0433 -1.1522 -1.2442 -1.3181 -1.3728 -1.4075 -1.4218 -1.4153 -1.3882 -1.3409 -1.2741 -1.1887 -1.0859 -0.9674 -0.8347 -0.6898 -0.5349 -0.3721 -0.2039 -0.0326 0.1392 0.3090 0.4745 0.6331 0.7826 0.9209 1.0458 1.1556 1.2487 1.3238 1.3798 1.4157 1.4313 1.4260 1.4002 1.3541 1.2884 1.2042 1.1025 0.9848 0.8530 0.7088 0.5545 0.3921 0.2241 0.0530 
0.2917 0.5125 0.7150 0.8936 1.0431 1.1593 1.2389 1.2796 1.2803 1.2410 1.1627 1.0477 0.8993 0.7217 0.5199 0.2996 0.0672 -0.1708 -0.4075 -0.6364 -0.8508 -1.0446 -1.2125 -1.3495 -1.4518 -1.5165 -1.5418 -1.5269 -1.4722 -1.3793 -1.2509 -1.0906 -0.9029 -0.6932 -0.4675 -0.2321 0.0062 0.2406 0.4646 0.6718 0.8561 1.0125 1.1365 1.2245 1.2740 1.2837 1.2532 1.1834 1.0764 0.9351 0.7636 0.5667 0.3500 0.1198 -0.1175 -0.3552 -0.5864 -0.8045 -1.0035 -1.1776 -1.3218 -1.4322 -1.5055 -1.5396 
