-2.0 12 21
2.0 13 15 25 30 38 81
0.0 16 35 40 72
-2.5 1 8 19 41 58 91 96
2.5 90 98
-3.0 28 48
3.0 44 47 65 84
-3.5 0 52 60
3.5 34 87
4.0 20 33 97
-4.0 66
-4.5 2 23 36 53 61 93
4.5 11 22 55 57
5.0 3 5
-5.0 14 26 77
5.5 88
-5.5 95
-6.5 86
7.0 69 71
-7.5 70
-8.0 46
8.0 94
8.5 64
11.0 49
13.5 99
-14.0 42 78
-16.5 9
-18.0 17 76
-19.0 24 59
-22.5 83
-25.5 68
-26.0 89
29.5 32
30.5 10
-33.0 27
-35.0 73
38.5 51
-43.0 67
43.5 85
48.5 4
52.5 75
57.0 7
-58.5 45
-58.0 63
61.0 50
-0.5 6 29 31 39 82
0.5 62 74
-1.0 43 92
-1.5 18 37 54 56 79 80
