-2.0 12 36 82 85 93
2.0 13 25 57 83
0.0 14 16 19 35 40 66
-38.0 73
-39.0 89
-2.5 8 21 97
2.5 20 41
45.5 10
3.0 38 44 65 88 98
-3.0 45 48
-51.5 62
54.0 28
55.5 75
-3.5 0 11 58 84
3.5 27 34 47 69
63.0 50
-4.0 3 80
64.5 7
4.0 70
-4.5 2 23 52 53 87
4.5 22 32
-5.0 61 67
-6.0 46
6.0 79
-6.5 17 56
0.5 1 15 37 64 74 92
-0.5 24 29 30 39 91
9.0 49
-11.0 33
-12.0 94
-12.5 76
-13.0 6 59
13.5 42
-13.5 78
-14.5 55
-1.0 5 31 43 60
-16.5 71
1.0 72 77 90
19.5 63
20.0 86
-22.0 9
-23.5 68
23.0 95 99
1.5 4 26 51 96
-1.5 18 54 81
