0.0 4 35 49 60
-2.0 8 12 21 43 54 85
2.0 13 38 41 77 81 87
36.5 95
39.0 10
38.0 63
-2.5 75 91
2.5 98
3.0 14 44 65
-3.0 15 45 66
-51.5 62
53.0 28
-3.5 5 11 17 25
56.0 7
3.5 34 47
4.0 20 69 71
-4.0 27 58 80
4.5 22 57
-4.5 23 52 53 61
5.0 26 32 84
80.5 50
-5.0 67 70
-5.5 2
-7.0 46 68 93
7.0 79
0.5 1 16 36 37 64 90
-0.5 3 29 30 31 92 96
-8.0 19 24
8.5 0
-9.0 48
-13.5 55
-15.0 6
-15.5 83
-1.0 39 72 73
1.0 59 78 82 88
16.0 74
-17.0 94
-18.0 42
-19.0 76
-21.5 89
-22.0 33
-1.5 18 40 97
1.5 51
24.0 86
-26.5 9
-27.5 56
28.5 99
