-2.0 12 54
2.0 13 25 41 57
0.0 31 35 39 72
34.5 0
36.5 86
38.5 74
2.5 14 32 98
-2.5 36 40
-42.0 62
47.5 63
3.0 4 96
-3.0 21 77 87
-3.5 3 5 11 15 82
3.5 34 38 47
62.5 95
64.0 7
4.0 20 69 71
-4.0 29 75 80
-4.5 17 23 43 49 53 92
4.5 22
-5.0 2 58 67 85
5.0 84 93
-5.5 52 70
-6.0 61
6.5 79
7.5 99
0.5 1 37 44 64 73 78 91 97
-0.5 30 60 89
10.0 76
-11.5 6 66
-13.5 26
14.5 27
15.5 88
1.0 8 16 19 90
-16.5 42
-1.0 48
16.0 65
17.0 68
-18.5 56
-21.5 9 55 94
21.0 28
-23.0 83
-1.5 18 45 46 81
1.5 51 59
-25.0 33
-27.0 24
28.0 10
28.5 50
