-2.0 12 36 60
2.0 13
0.0 35 39 43
2.5 38 58 59 79
-2.5 40 75 92
3.0 28 96 98
-3.0 78
-3.5 5 11
3.5 14 47 48
-4.0 52 80
4.0 69 70
-4.5 17 29 49 53 85 88
4.5 22 32 99
-5.0 2 67
-5.5 4
6.0 87
6.5 15
-8.0 44 46
8.0 93
8.5 6
-8.5 19
10.5 10
-10.5 97
11.0 50
11.5 8
-13.0 42
-13.5 33
-16.0 23 62
-17.5 71
-18.0 56
-19.0 55 84
20.5 0
-20.5 31
-23.0 26
-24.0 21
-25.5 94
31.0 65
36.0 7
-38.5 9 83
38.0 27
38.5 68
40.0 63
42.0 74
44.0 76
60.5 86
74.0 95
-0.5 25 30 81
0.5 37 64 72 73 77 82 90
1.0 1 16 24 61
-1.0 34 54 66 89 91
-1.5 3 18 20
1.5 41 45 51 57
