-2.0 7 12 20 71
2.0 13 38 77
0.0 15 39 62 72
-2.5 3 11 24 40 91 92
2.5 10 98
-3.0 87
3.0 96
-3.5 5 17 60
3.5 47
4.0 1 57 59
-4.0 35 52 75 80
4.5 4 14 22 54 61
-4.5 29 46 49 53
-5.0 2 67 85
5.0 99
6.0 6 32
-6.5 28 48
7.0 9
-7.0 31
-8.5 0
11.0 93
12.5 8
-13.5 44
-16.5 26
-17.0 55
-18.5 94
-19.5 42
-21.5 84
22.5 25
-23.5 88
24.0 86
26.5 65
-27.5 23 33 56 97
28.5 58
29.5 27
-30.0 21
32.5 50
37.5 74
-47.0 83
50.5 68
50.0 76
55.5 63
71.5 95
0.5 19 36 37 64 73 82 90
-0.5 30 69
1.0 16 43
-1.0 34 51 70 89
-1.5 18 66 79
1.5 41 45 78 81
