-2.0 12 20 34 69 75
0.0 15 39 43
2.0 70
-2.5 7 40 46 77
2.5 10 98
-3.0 3 13 36 60
3.0 32 47 57 96
-3.5 5 51 84 99
3.5 19 35 38 89
-4.0 29 52 72 80 82
4.0 94
4.5 22 54 59
-4.5 31 49 53 55 71 85 92
-5.0 2 67
5.0 86
5.5 8 87
-6.5 4
7.5 6 61
-10.0 42
-11.0 48
-11.5 45
-12.0 66
13.5 93
-15.5 26
-16.5 28
-19.5 83
-20.0 11 97
-20.5 62
23.5 9
-26.5 44
-28.0 88
-30.5 56
35.5 58
35.0 68
34.5 74
39.0 27
39.5 50
-42.5 21
43.0 25
-46.0 33
51.0 65
-52.5 23
62.0 76
66.0 95
69.5 63
0.5 14 37 64 73 90
-0.5 17 30
-1.0 0 18
1.0 1 16 91
1.5 24 41 78
-1.5 79 81
