-2.0 7 12 17 20 24 53 75 91
0.0 15 39
2.0 89
-32.0 97
-35.5 72
37.0 63
36.0 76
-37.0 88
38.5 27
39.0 74
2.5 10 38
-2.5 29 40
3.0 32 93 96 98
-3.0 34 35 45 66
50.5 50
-52.0 23
-55.0 21
-55.5 33
-3.5 5 26 55 71
3.5 19 43 47 70
4.0 1 6 8 49 83 94
66.0 25
-4.0 51 52 80 92
65.0 65
70.0 95
4.5 4 22 54 59
-4.5 67 85
-5.0 2 13
-5.5 42
0.5 14 37 61 64 73 77 81 82 90
-0.5 30
-8.5 46
-9.5 11
14.0 68
-1.0 3 99
1.0 16 41 57
-18.0 56
19.5 0
-19.5 28
-20.0 31
21.5 9
-1.5 18 36 48 60 69 79 87
-24.5 44
1.5 78 84
-25.5 62
27.5 58
30.5 86
