-2.0 2 7 17 20 53 92
0.0 15 38 39
2.0 31
-2.5 3 40 46 71
2.5 11 19 26 89 96
-3.0 34 69 82 83
3.0 43 59
3.5 0 8 10 47 48 57 87
-3.5 5 55 60
-4.0 51 80 98
4.0 94 99
4.5 22 54
-4.5 85
-5.0 13 76
-5.5 4
5.5 29
6.0 32
-6.5 70 75
-7.5 18
8.0 63 66
-9.0 42
9.5 67
11.0 93
15.5 77
18.5 6
18.0 9
-18.0 68
-19.0 28
21.0 58
25.5 49
-26.0 88
-29.0 97
-30.5 56
33.5 27
-32.0 45
-37.0 44
39.0 74
-42.5 62
46.5 86
49.5 50
-50.0 72
-54.0 23
-57.0 21
-59.0 33
64.0 65
77.0 25
79.0 95
0.5 14 36 37 64 73
-0.5 30 81 84 90
1.0 12 16 24 41 61
-1.0 91
1.5 1 78
-1.5 35 52 79
