2.0 12
0.0 14 15 39 90 93
-2.0 17 20 24 34
33.0 27
33.5 50
36.5 74
-2.5 0 7 40
2.5 1 4 8 82 89 96
42.0 49 86
-44.5 44
-44.0 72
-3.0 5 36
3.0 35 37 43
-48.0 62
-54.5 21
3.5 19
-3.5 55 69 92 98
4.0 32 54 94 99
4.5 10 22
-4.5 51 52
72.0 95
79.5 25
5.0 2
-5.0 13 42 71 76 85
-6.0 48
6.5 31 83
-7.0 45 60
-0.5 3 11 28 30 38 56 65 97
0.5 18 61 64 73 80
-8.5 70
-9.5 63
10.5 68
11.0 58 77
-12.0 26
-13.5 33
-14.0 23
-14.5 46
1.0 16 47 87
-1.0 57 81 91
-17.5 66
18.5 9
-18.0 67
18.0 75
-23.0 88
1.5 29 59
-1.5 41 53 78 79
24.0 84
26.0 6
