0.0 1 16 35 40 97
-2.0 12 41 70
2.0 13 86
-32.0 68
-33.5 73
-35.0 89
-37.0 27
-2.5 8 21 94
2.5 15 90 98
-41.5 63
3.0 4 20 44 55 79
-3.0 25 48 60 71
53.0 75
-3.5 0 11 93
56.5 10 50
3.5 30 34 38 47
-4.0 52 80
4.0 69
75.0 7
4.5 22
-4.5 23 53
-5.0 43 56 58 77 78
-5.5 2 14 61
5.5 84
-6.0 5
-6.5 19
-7.0 6
-7.5 83
-0.5 26 29 39 87 92
0.5 37 64 74 91
10.0 51 85
11.0 42 49
-11.5 66
-12.0 45
13.0 32
1.0 3 36
-1.0 31 72 81 82 88 96
-17.5 59
-19.0 24
-19.5 62
-20.0 17 76
20.5 95
22.5 28
-1.5 18 46 54
1.5 33 57 65
-27.5 9 67
28.0 99
