-2.0 7 20 22 59 78 80
2.0 12 37 83 96
0.0 15 39
35.0 6
34.0 50
-34.5 72
-38.5 44
-39.0 62
-2.5 0 4 40 60 71 90
2.5 89
45.0 74
3.0 11 23 43 97
-3.0 47 57
55.0 49
3.5 32 33 70 95
-3.5 55
4.0 2 10 19 54 94
-4.0 35
4.5 14 69 99
-4.5 42 51 52 92
-5.0 13 46 76
5.0 29 31
85.0 25
6.0 58
-7.0 8 82
-0.5 1 28 30 38 65 91
0.5 5 16 24 61 64 73 87
-8.5 18
-9.0 41
9.0 85
10.0 93
-11.0 48 77
-11.5 63
12.0 27
-15.0 98
-1.0 34 81
18.0 3 9
18.5 68
-19.5 67
19.5 86
-19.0 88
-1.5 17 36 45 53 79
-24.5 26
25.0 75
28.5 56
-29.5 66
30.5 84
-31.0 21
