0.0 5 16 35 36 40 86
-2.0 12 21 82 93
2.0 13 20
-2.5 1 8 26 41 48
2.5 90
3.0 19 37 44 47 55 98
-3.0 56 84
-3.5 0 66
3.5 34
-4.0 23
4.0 38 72 96
4.5 11 22 57 60
-4.5 53 70
5.0 97
-5.5 2 77
5.5 33
6.0 88
-6.0 99
-6.5 24
7.0 69
7.5 71
-8.5 17 46 52 61
-9.0 59
10.0 65
10.5 10
-11.5 14
12.0 94
13.0 87
-14.5 89
-18.5 28
-20.5 9
-24.0 27
26.5 51
-26.0 68 78 83
30.5 32
-32.0 67
-34.5 42
37.5 76
-41.5 73
-42.5 63
47.5 4
-49.5 45
48.0 85
53.0 7
55.0 75
70.0 50
0.5 6 30 43 62 74 81
-0.5 29 31
1.0 3 79 91 95
-1.0 49 58 92
-1.5 15 18 25 39 54 64 80
