2.0 13 57 60 71 72
0.0 16 35 40 81 93
-2.0 41 46 86
-2.5 8 12 21
2.5 90
-3.0 26 45 48 61
3.0 44 91 98
-3.5 0 25
3.5 34 47
-4.0 11 53 80
4.0 69
4.5 22
-4.5 23 70
-5.0 5 43 77 82 87 94
5.0 15 38 96
5.5 49
6.0 55
-6.5 14 88
6.5 30
-7.0 2
8.5 33 84
-8.5 52
-9.0 62
9.0 79
-9.5 6 58
-10.0 19
10.0 51
-10.5 59
12.0 65
-13.0 66
13.5 32 42
-13.5 56
17.0 85
-19.0 83
20.0 95
25.5 28
-25.0 68
-26.5 9
-29.0 24
-29.5 73
-33.5 17
-33.0 76
-32.5 89
-37.5 27
38.0 99
53.0 75
-54.5 67
57.0 50
62.5 10
73.0 7
-72.5 63
0.5 3 36 37 64 74
-0.5 31 39
1.0 1 20 78
-1.0 29 92 97
-1.5 4 18 54
