-2.0 12 21 64
0.0 16 30 35 40 79
2.0 90
-2.5 1 41 48 95 99
2.5 19 98
3.0 3 5 38 44 47 58
-3.5 0 2 86
3.5 20 37
4.0 34 69
-4.0 36 93
4.5 22 57
-4.5 23 53 65
5.0 71
-5.0 77
5.5 55 66
-5.5 82
-6.0 70
6.5 11
-7.5 26
-8.0 61
-8.5 24
8.5 87 88
-9.0 46 52
10.0 33
-10.5 76
11.0 97
-12.5 14
-14.0 17
-15.0 78
-15.5 28
16.5 94
-17.0 59
-19.0 89
-23.0 9
25.5 10
-26.0 83
-28.0 27
-30.5 42
-30.0 68
33.5 32
-38.0 67
41.5 51
-40.0 73
47.0 85
51.5 4
50.5 75
-52.0 63
54.5 7
-62.0 45
69.0 50
0.5 25 39 43 49 56 74
-0.5 29 31 72 96
1.0 6 62 81
-1.0 60 91 92
-1.5 8 15 18 54 80 84
1.5 13
