2.0 13
0.0 16 35 40 51
-2.0 41
-2.5 8 12 21
2.5 90 98
-3.0 6 14 48
3.0 44 86 91
-3.5 0 45 61
3.5 34 47 96
-4.0 23 25 70 80
4.0 69 72
4.5 15 22 97
-4.5 53
5.0 38 79
-5.0 77
-5.5 26 43 87
-6.0 2 5 36 82 88
6.5 4 30 33
-6.5 11
-7.0 58
-7.5 52
8.0 55 65 84
-9.0 59 62
-9.5 19
-10.5 56
12.0 42
-13.0 66
14.0 32
-14.0 83
17.5 85
20.0 28
-24.0 68
24.0 95
-29.5 24 76
-29.0 73
-31.0 9 89
-32.5 17
35.5 99
-39.0 27
-50.5 67
56.0 75
58.5 10
59.5 50
73.0 7
-76.0 63
0.5 1 37 39 64 74
-0.5 29 31 49 60 81 93
-1.0 78 92
1.5 3 20 57 94
-1.5 18 46 54 71
