-2.0 8 21 41 54
0.0 16 29 35 40 65 74
2.0 20 94
-2.5 12 26
2.5 90 98
3.0 3 44 91
-3.0 48 58 70
-3.5 0 6 45 60
3.5 33 34 47 51
4.0 15 69 79
-4.0 78 80 87
4.5 22 38 86
-4.5 23 25 53 61
-5.0 2 88
5.0 72
-5.5 36 43 71 77
6.0 30
-6.0 52
-6.5 56 82
7.0 4
-7.0 5
7.5 84
-8.5 11 62
-9.0 19
9.0 97
9.5 55
-13.0 66
-13.5 83
14.0 32 42
-15.0 59
20.0 28
-21.5 76
21.5 85
-23.0 17
23.0 95
-26.5 68
-27.0 24
-27.5 73
-29.5 9
31.0 99
-33.5 89
-36.5 27
-49.5 67
53.5 10
55.0 75
57.5 50
69.0 7
-81.0 63
0.5 1 37 64
-0.5 14 81
-1.0 31 92
1.0 39 49
1.5 13 57 96
-1.5 18 46 93
