-2.0 12 70
2.0 13 14 91
0.0 16 29 35 40 74
-2.5 8 21 41 48 93
2.5 20 90 98
3.0 15 44
-3.5 0 45 56
3.5 34 47 49
-4.0 2 6 23 80 88
4.0 69
4.5 3 22 38 72
-4.5 36 52 53
-5.0 25 61
-5.5 43 77 78
5.5 55
6.0 30
-6.0 65
-6.5 60 82
7.0 51 84
-8.0 5 19
-8.5 71
-9.0 83
-9.5 11
11.0 97
-12.5 66
13.0 42
13.5 32
15.5 28
-15.5 59
-16.5 76
-18.0 62
20.5 95
23.5 85
-24.0 17 24
-26.0 9
-30.5 68
-30.0 73
-32.5 67
33.0 99
-36.0 89
-41.0 27
51.0 50
54.5 10
54.0 75
71.0 7
-82.0 63
0.5 1 37 58 64 86
-0.5 79
-1.0 4 31 46 81 87 92 96
1.0 33
-1.5 18 54
1.5 26 39 57 94
