-2.0 12 26 41 54 87
2.0 13 39 90
0.0 16 29 35 40 74 79
-2.5 8 21 86 88 97
2.5 15 58 72 98
-3.0 2 45 48 52 96
3.0 14 47
-3.5 0 36 94
3.5 20 34 44 69
4.0 38
-4.0 53 80 93
4.5 22
-4.5 23
-5.0 25 67 77
5.5 3 30
-5.5 6 43 65 82
-6.0 61
6.0 84
-7.0 19
7.0 55
-7.5 71
8.0 49
-8.0 78 83
-8.5 5
-9.0 60
-9.5 11
9.5 51
12.0 28
12.5 42
-12.5 66 76
-17.0 59
18.0 32
21.0 95
-22.5 17
-22.0 24 62
23.5 85
28.5 99
-30.5 9
-30.0 73
-34.5 68 89
-40.5 27
55.5 50
56.0 10 75
71.0 7
-83.5 63
0.5 1 37 64
-0.5 31 46 92
1.0 4 57
-1.5 18 33 56 70 81
1.5 91
