2.0 3 13 39 90
-2.0 8 41 87 94
0.0 16 35 40 74
-2.5 12 21 36
2.5 14 55 56 98
-3.0 2 45 48
3.0 58
-3.5 0 97
3.5 34 38 44 47
4.0 20 69
-4.0 23 80 82 86
4.5 22
-4.5 53
-5.0 6 25 67 77 93 96
5.0 30
-5.5 43
5.5 84
-6.0 19
-6.5 33 61 71 76
8.5 4
-9.0 5 11
10.0 49
10.5 51
-10.5 60 83
11.0 42
-11.5 78
-12.0 66
14.5 32
-15.5 24
16.5 28
-17.5 17
-20.5 59
20.0 95
-23.5 62
25.5 99
-27.5 73
-33.5 9
-35.5 89
-36.0 68
-40.0 27
-40.5 63
54.5 75
56.0 50
59.5 10
74.0 7
0.5 1 37 64 85 91
-0.5 29 31 46 70 72
-1.0 52 88 92
1.0 57 65
1.5 15 26
-1.5 18 54 79 81
