-2.0 8 12 21 41 54 81 82
2.0 13 39 94
0.0 16 29 35 37 40 52 55 63 70
2.5 56 90 98
-2.5 83 97
-3.0 6 45 48 72 87
3.0 38 47
-3.5 0 2
3.5 26 34 44 69
4.0 4
-4.0 80
4.5 20 22 84
-4.5 23 25 53
-5.0 19 67 77
-5.5 43
-6.0 93
-6.5 96
-7.0 61 71
-7.5 11
7.5 42
-9.0 5
9.0 65
-9.5 33
-10.0 76
10.5 51
11.0 49
-11.0 60 66
-13.5 24
-14.5 17
14.5 32
-15.0 78
19.5 99
20.5 28
21.5 95
-23.5 59
-23.0 62
-30.0 9
-31.5 73
-32.5 89
-41.0 27
-40.0 68
53.0 75
57.5 50
58.5 10
81.5 7
0.5 1 64 74 79 85
-0.5 46 91
1.0 3 14 15 57 58 88
-1.0 31 92
-1.5 18 36 86
1.5 30
