-2.0 4 8 12 41 81
-33.5 9
2.0 13
0.0 15 16 35 36 40
-34.5 73
-2.5 21 58
2.5 38 55 79 88 90 98
-42.5 68
-44.0 27
-3.0 45 48 85
53.5 75
-3.5 0 19
3.5 34 44 47 83 84 86
58.5 10
58.0 50
-4.0 23 53 80
4.0 69
-4.5 2 17 25
4.5 22
5.0 20
-5.0 43 67 71 72
85.0 7
-5.5 11 77
-6.5 6 93
-7.5 24 96
0.5 1 3 26 37 57 64 74 82
-0.5 29 30 46 56 92 94
-8.0 61
8.0 63
-8.5 76
-9.0 5
9.0 51
-10.0 33
10.5 42
-10.5 60 66
12.0 65
13.5 49
14.5 32
-15.5 78
-1.0 31 87
1.0 39 52 70
20.5 95 99
-1.5 14 18 54 91 97
25.5 28
-25.0 59
-28.0 62
-28.5 89
