0.0 3 16 26 35 40 87
-2.0 8
2.0 13 38 90 92
-2.5 12 19 21 41 81 91
2.5 82
-3.0 45 48
3.0 47 84 98
-3.5 0 11
3.5 34 44
-4.0 25 53 80
4.0 69
-4.5 14 23
4.5 22 79 88
5.0 4
-5.0 43 67 72 77 85
5.5 20
-5.5 33
-6.0 2 58
6.0 86
-6.5 17 24
6.5 51
-7.0 71 76 93 94
7.5 65 83
-8.0 96
-8.5 5 6 61
9.5 42
-9.5 60 66
10.5 63
11.0 32
-11.0 78
17.0 49
20.0 99
22.5 95
-23.0 59
-30.5 62 89
31.5 28
-32.5 9
-36.5 73
-43.0 27 68
56.5 75
59.0 10
60.5 50
83.5 7
0.5 1 37 39 57 64 74
-0.5 15 29 46 97
-1.0 30 31 54 55 56
1.0 36 52
-1.5 18
1.5 70
