-2.0 12 21
2.0 13 36 84
0.0 16 35 40 74 97
-2.5 8 33 41 81 85
2.5 70 79 90
-3.0 25 48
3.0 44 47 51 98
-3.5 0 6 45 87 91
3.5 34 69
-4.0 17 23 80
4.5 22 26 82
-4.5 43 53 72
5.0 32
-5.0 67
5.5 20
-5.5 77
6.0 88
-6.5 55
-7.0 2 60 78
7.5 42
-7.5 92 93 96
8.0 4
-8.0 5 14 76 94
-8.5 61 66 71
8.5 83
-9.0 24
-9.5 58
9.5 63
12.5 86
17.5 99
19.0 49
22.0 95
-26.0 59
-29.5 9
31.5 28
-31.0 62
-34.5 89
-39.5 73
-43.5 27
-45.5 68
54.0 75
61.5 10
64.0 50
83.5 7
0.5 1 52 57 64
-0.5 3 29 31 39 46 65
-1.0 11 15 19 30
1.0 37
-1.5 18 54
1.5 38 56
