2.0 13 79
0.0 16 19 35 37 40 74
-2.0 17 41 54 72
-2.5 8 12 21 25 81
2.5 90
3.0 36 44 70 98
-3.0 48
-3.5 0 6 45
3.5 34 47 69
-4.0 23 80 87
4.5 22 26
-4.5 43 53 60 67 91
-5.0 55 77
5.5 20
-6.0 65 78
6.0 82
-6.5 96
-7.0 2 5 93
7.0 32
7.5 83 88
-8.0 24 66
-9.0 61
9.5 63
-9.5 71
-10.0 94
-10.5 14
-11.0 58
12.5 42
-12.5 76
18.0 49 99
19.5 86
-26.0 9
-27.5 59
27.0 95
31.5 28
-32.5 62
-43.0 68
-42.5 73
-42.0 89
-45.0 27
54.5 75
59.5 10
63.5 50
84.0 7
0.5 1 4 56 57 64
-0.5 29 52
-1.0 3 15 30 31 46 51
1.0 11 33 38 84 85 97
-1.5 18 39 92
