-2.0 8 12 21 54 80 91
2.0 13 58
0.0 16 29 30 35 40
-2.5 1 41 48 96
2.5 19 38 90 98
-3.0 2 72
3.0 37 47 71
3.5 34 44 56
-4.0 0 23 53
4.0 5 20
4.5 3 22
-4.5 60
5.0 57
-5.0 95
-5.5 77 79 86 93
-6.0 36
6.0 87
6.5 11 55 66
-6.5 65 70 82
-7.0 61
-7.5 26
-8.0 52
-9.0 24 64
-9.5 46
9.5 88
10.0 97
10.5 33
-11.0 76
-11.5 14 17
14.0 94
-14.5 28
-16.0 78
-19.0 59 89
-23.0 9
25.5 10
-26.5 83
-27.5 27
-28.5 42
30.0 32
-34.0 68
38.5 51
-42.5 67
-42.0 73
47.0 85
48.5 4
50.5 75
56.0 7
-56.5 63
-63.5 45
66.0 50
-0.5 31
0.5 43 62 74
1.0 6 39 49 99
-1.0 15 69 84 92
-1.5 18
1.5 25 81
