0.0 4 16 37 40 84
-2.0 12 18 21 41 52 54
2.0 90
-2.5 8 39 78 81
2.5 11
-3.0 17 45 48
3.0 26 36 44 98
-3.5 0
3.5 34 47 70
-4.0 23 43 51 53 77 80
4.0 69
4.5 22
-4.5 87 91
-5.0 65 67 96
5.5 20
-5.5 55
-6.0 5
-6.5 2
6.5 56 82 83
7.0 32
-7.0 66 93
-7.5 24 94
8.5 88 92
-9.0 61
-10.0 6
-10.5 58 71
12.0 42
-12.5 14
13.0 63
16.0 99
-17.0 76
-20.0 9
21.0 49
-22.0 27
22.5 86
-29.0 59
-30.0 62
32.5 28
32.0 95
-43.0 68
-42.5 89
-46.5 73
55.0 10
54.5 75
59.5 50
84.5 7
0.5 1 33 35 57 64 72 74 85
-0.5 29 30
1.0 19 38
-1.0 31
-1.5 3 15 25 46 60
1.5 13 79 97
