-2.0 8 21 46 77
2.0 13 65
0.0 16 35 40
-2.5 3 12 27 81
2.5 90
3.0 11 44 72
-3.0 17 39 48 96
-3.5 0 43 45 52 78 85
3.5 26 34 36 47 98
-4.0 53 80
4.0 69 70 83
-4.5 5 23
4.5 22
5.0 20
-5.0 67 91
-5.5 2 6 55
-6.0 66 93
-6.5 51
6.5 82
-7.0 94
8.0 4 56
-8.0 24 58
9.0 32 88
-9.0 61
-10.5 71
-13.0 14
13.0 42
14.0 63
-16.5 76
19.5 49
20.5 99
-21.0 9
-27.0 59
27.5 86
28.0 95
-30.0 62
33.5 28
-42.5 89
-46.0 68
-49.5 73
54.5 10
55.5 75
60.5 50
84.0 7
0.5 1 37 38 57 64 74 92
-0.5 25 29 30 87
-1.0 31 33 41 84
-1.5 15 18 54
1.5 19 60 79 97
