2.0 13 41 90
0.0 16 35 37 40 87
-2.0 21 27 33 54
37.5 28
-39.0 62
-2.5 8 12 46 81
2.5 11 19
-42.5 89
-3.0 0 3 5 43
48.5 10
3.0 36 44 98
-48.5 68
-48.0 73
3.5 34 47 69
-3.5 39 45 48
58.0 75
63.0 50
4.0 22 56 60
-4.0 58 80
-4.5 2 23 53
4.5 20 70 72
79.0 7
-5.0 6 66 67 85 91 93
5.0 26
5.5 4
-5.5 52
-6.0 24 55
6.0 82
-6.5 94
-7.5 51 92
0.5 1 25 38 57 64 74
-0.5 29 30 79 83
-8.0 71
9.0 32
-9.0 61
9.5 65 88
-12.0 14 76 78
14.0 42
15.0 49
-1.0 17 31 96
1.0 97
17.5 63
-22.5 9
-1.5 15 18 77 84
25.5 95
25.0 99
26.5 86
-27.0 59
