-2.0 5 8 12 54 85
2.0 13
0.0 16 27 35 40 74
-37.0 62
-38.5 73
2.5 19 41 92
-2.5 21 43 81 84
43.0 28
-45.0 89
47.0 10
3.0 36 44 98
-3.0 45 46 48
-52.0 68
-3.5 0 2 3 39 66 79
3.5 34 47 56
62.5 50
63.0 75
4.0 20 69
-4.0 80 93
4.5 22 82
-4.5 23 53 83 91
77.5 7
5.0 26 70 72
-5.0 67
6.0 60
6.5 32
-7.0 6 33 51 52
0.5 1 37 38 64 97
-0.5 17 24 30 58 87
-8.5 61
9.5 88
-10.0 14
10.5 42
-10.5 94
-11.5 55 71
11.5 65
12.5 49
-13.0 76
1.0 25 57
-1.0 29 31
-18.5 59
18.0 63
-19.0 78
21.0 86 99
-1.5 4 15 18 77
-24.5 9
1.5 11 90 96
27.0 95
