-2.0 12 21 43 54 87
0.0 16 29 35 40
2.0 25 36 58
2.5 17 82
-2.5 66 81
-3.0 2 45 48 84 93
3.0 4 19 26 41 56 98
-3.5 0 39 46
3.5 20 34 44 47 72 96
-4.0 23 80 91
4.0 32 69
-4.5 3 53
4.5 22
5.0 24 70
-5.0 67
5.5 27
-5.5 51
-6.5 6
-7.0 14
7.0 65
7.5 60
-8.0 33 52 61
8.0 92
9.0 49
-9.0 55
9.5 88
-12.0 94
13.0 42
-13.0 76
-15.5 59 78
16.5 63
-19.0 71
-23.5 9
24.0 86 99
28.0 95
-33.5 62
-38.5 73
-39.0 89
47.0 10
48.5 28
-50.5 68
63.0 50
62.5 75
77.0 7
0.5 1 37 64 74 83
-0.5 5 11 30 97
-1.0 15 31 77
1.0 38 57 90
-1.5 8 18 79
1.5 13 85
