-2.0 12 21 93
2.0 13 56
0.0 16 17 29 35 40 64
-2.5 8 11 51 81
2.5 25 41
-3.0 0 2 39 48
3.0 19 20 44 47 58 79
-3.5 14 45 84 87 91 92
3.5 98
-4.0 23 46 80
4.0 34 69
4.5 22
-4.5 53
-5.0 3 33 67
5.0 32 70 83 96
5.5 24
6.0 49
-6.5 6
7.5 60
-7.5 61
8.5 4 88
9.0 27
-9.0 52
-9.5 78
-11.0 55
-13.0 76
-13.5 59
14.5 63
15.0 42
-15.5 94
-17.0 71
-20.5 9
21.5 95
22.0 86
26.0 99
-37.5 89
-40.5 62
-43.0 73
46.0 10
50.0 28
-53.0 68
63.5 50
63.0 75
75.5 7
-0.5 15 30 77 85
0.5 37 74 82 90
1.0 1 5 36 38 57 72
-1.0 18 31 65 97
-1.5 26 43 54 66
