0.0 1 15 16 35 36 40 56 74 77
2.0 4 13 20
-2.0 12 81 82
2.5 5 32 41 98
-2.5 6 8 21 39 54 91 97
-3.0 0 14 48
3.0 19 25 26 47
3.5 34 44 69
-3.5 45
-4.0 2 23 80 84 85
4.5 22
-4.5 46 53
-5.0 11 67
5.0 83
-5.5 3
5.5 70
6.0 79
6.5 60 96
-6.5 65 92
-7.0 61
7.5 49 88
-7.5 78
9.0 24
-9.0 52
-9.5 33 55
10.0 63
11.0 27
-11.0 94
-12.5 76
-13.5 9 59 71
-15.0 68
23.5 42
23.0 86
24.0 95
26.5 99
-34.0 89
-43.5 73
45.5 10
-46.0 62
51.0 28
57.5 75
61.5 50
71.0 7
-0.5 29 30 31
0.5 37 64 87
-1.0 17 66 93
1.0 90
-1.5 18 43 72
1.5 38 51 57 58
