-2.0 12 18 21 81
2.0 13 38
0.0 16 35 40 66 74 93
-2.5 8 14
2.5 19 41
3.0 32 44 47 98
-3.0 45
-3.5 0 26 48 97
3.5 5 25 79
-4.0 23 72 80 82
4.0 34 69
-4.5 17 53 65 84 85
4.5 22
-5.0 2 67
5.0 51 60 70
-5.5 3 46
-6.0 56
6.0 92
-6.5 61
6.5 83 88
7.0 24 96
-7.0 33
-7.5 6 11
8.0 27
-8.5 52 68 78 94
9.0 49 63
-11.0 59
-11.5 55
-14.0 76
-17.5 71
-18.5 9
20.5 95
23.5 42
23.0 86
26.0 99
-33.0 89
-43.0 73
44.5 10
-45.5 62
51.5 28
53.0 75
60.5 50
67.0 7
0.5 15 37 64 77
-0.5 29 30
1.0 1 90
-1.0 4 31 36 43
1.5 20 57
-1.5 39 54 58 87 91
