-2.0 8 12 21 54
2.0 13 19 41
0.0 16 35 40 74
-2.5 36
2.5 38 60 65 98
3.0 47
-3.0 48
-3.5 0 45 59
3.5 34 44 69
4.0 25
-4.0 80 97
4.5 22 79
-4.5 23 53 84
5.0 5 70 88
-5.0 58 67 72
-5.5 3 61 82
-6.0 2 46
6.0 83 92
6.5 4 32
-6.5 17
-7.0 68
7.0 96
-7.5 52
8.0 51
-8.5 87
-9.0 11 94
-9.5 33
10.5 49
-11.0 6 78
-13.0 56
14.0 63
-14.0 76
-16.5 71
19.0 86
20.0 42
-20.0 55
20.5 95
-21.5 9
26.0 99
-35.5 89
44.0 10
-47.0 73
-49.5 62
51.5 75
53.0 28
60.5 7
60.0 50
0.5 1 27 37 64 90 93
-0.5 14 30 39 43 91
1.0 24 66 77
-1.0 29 31 85
1.5 15 20 26 57
-1.5 18 81
