0.0 1 16 35 37 39 40 43
-2.0 12 21
2.0 13 14 15 57
-2.5 8 59
2.5 27 41 98
3.0 38 47 88
-3.0 45 48
-3.5 0 36
3.5 34 44 69
-4.0 23 80
4.0 24 25
4.5 22
-4.5 53 84
5.0 5 70
-5.0 61 67 72 97
-5.5 3
-6.0 52 92
6.0 83 96
-6.5 46 68 82
-7.0 2
7.0 4
7.5 32
-8.0 94
-8.5 58
-9.0 17
-9.5 11
10.0 49 51 65 79
-10.0 76
-11.5 78
-12.0 71
-12.5 6
-13.5 56 87
-14.0 33
16.0 86
16.5 95
19.0 42
19.5 63
-22.5 55
23.5 99
-25.0 9
-34.5 89
45.5 10
-44.5 73
53.0 28
-53.0 62
56.0 75
59.0 7
59.5 50
-0.5 29 60
0.5 64 74 91 93
1.0 19 20 26 77 90
-1.0 30 31
-1.5 18 54 81
1.5 66 85
