-2.0 8 12 54 80
2.0 13 25 38
0.0 16 30 35 40 84
-2.5 1 21 41
2.5 37 90 98
3.0 44 47
-3.0 48 91
-3.5 0 2
3.5 34 66
-4.0 23 53 64
4.0 87
4.5 20 22 56
-4.5 96
5.0 5 57
-5.0 72
5.5 3 11 99
-5.5 26 77
-6.0 79 93
6.0 97
-6.5 52 61 82
7.0 55
-7.0 60
-7.5 36 70
-9.0 14
-9.5 46
9.5 88
-10.0 24 76
10.0 33
-12.5 78
12.5 94
-13.5 95
-14.5 17
-21.0 9 28 89
26.0 10
-26.5 27 42 59
27.0 32
-27.5 83
-38.0 68
-39.5 73
42.5 51
-46.5 67
48.0 85
51.5 4
50.5 75
58.5 7
-58.0 63
-62.0 45
70.5 50
-0.5 15
0.5 43 49 62 69 74
1.0 6
-1.0 29 31 58 65 71 92
-1.5 18 86
1.5 19 39 81
