-2.0 12
2.0 13 57 66
0.0 16 19 35 37 40 43 74
-2.5 8 21
2.5 41
3.0 15 44 98
-3.0 45 48 60
-3.5 0 5 72 92
3.5 24 34 38 47
4.0 25 69 83
-4.0 26 52 61 80
4.5 22 70 96
-4.5 23 36 53 84
5.0 14
-5.0 67 97
-5.5 3
6.0 49
6.5 32
-6.5 82
-7.0 2 46 76
-7.5 59
8.0 27
-8.5 68
-9.5 11
-10.0 56
-10.5 58 78 94
11.0 51
-11.0 87
-11.5 17
11.5 65
-13.0 71
13.0 79
-13.5 6
-15.0 33
16.5 86 95
18.0 42
-22.0 9
22.0 63 99
-23.5 55
-33.5 89
-40.5 73
45.5 10
-54.5 62
58.0 7 75
60.5 28
64.0 50
0.5 1 64 90 93
-0.5 29 30 31
-1.0 4 18 81 85
1.0 20 39
-1.5 54
1.5 77 88 91
