-2.0 12 21 54
2.0 13 41 77
0.0 16 35 40 74 93
-2.5 8 52
2.5 57 66 83 91 98
-3.0 45 48
3.0 96
-3.5 0 5 24 61
3.5 15 25 34 44 47 69
4.0 38 70
-4.0 53 80
4.5 22
-4.5 23 84 85
-5.0 3 67 97
5.0 32 49
-5.5 36 56
-6.0 26 60 82
6.0 65
-6.5 2
7.0 27
7.5 14
-8.0 46 78
8.0 92
-8.5 11
-9.0 76
10.0 51
-10.0 68 87
-10.5 58 59
-11.0 17
-13.0 94
-15.5 33
15.5 79
16.0 42
16.5 86
17.0 95
-18.0 9
-19.0 55
20.0 63
20.5 99
-21.0 6
-22.0 71
-34.5 89
-37.5 73
46.5 10
54.5 7
-55.5 62
61.5 28
67.5 50
64.0 75
0.5 1 37 43 64 90
-0.5 29 30 81 88
-1.0 19 31 72
1.0 20
1.5 4 39
-1.5 18
