2.0 13 39 72
0.0 16 35 40
-2.0 19 65 88
-2.5 8 12 21 48
2.5 41 57 77 92 98
3.0 25 44 66 91
-3.0 61
-3.5 0 45
3.5 27 34 47 49 69 70 83
-4.0 5 80 84
4.0 15 22 32
-4.5 3 23 53 85
4.5 38
-5.0 67 82 97
-5.5 2
-6.0 36
-7.0 11 24
-8.0 46
8.0 51
8.5 4
-8.5 58 60
-9.0 68
9.5 14
-9.5 59
10.0 42
-11.5 76 87
11.5 79
-12.5 78
-15.0 94
-16.0 17
-17.0 55
17.5 86
17.0 95
-20.0 9 33
20.5 63 99
-22.0 6
-26.0 71
-33.5 73
-36.0 89
47.5 10
56.5 7
60.0 28
67.0 50
-65.0 62
65.5 75
0.5 1 37 43 64 74 96
-0.5 29 81 93
-1.0 30 31 52 56
1.0 90
-1.5 18 54
1.5 20 26
