-2.0 8 12 21 61
0.0 16 35 37 40 81
2.0 20 39
2.5 25 32 44 77 98
-3.0 19 45 48 82
3.0 41 57 66 70 91
-3.5 0 5 24 84 88
3.5 47 69
-4.0 3 23 80
4.0 22 34 72
-4.5 2 11 53 97
4.5 38 49
5.0 15 51
-5.0 67
-5.5 58
-6.0 36
6.5 26 27
-6.5 65
7.5 42 79
-7.5 92
-8.0 56
-8.5 46
-9.5 87
10.0 14
-10.0 60
-11.5 59
-13.5 68
-15.0 17 76
-16.5 55
-17.0 94
19.5 86
-20.5 78
-22.5 6
-22.0 33
-23.0 9
23.0 95
23.5 99
24.5 63
-28.0 71
-31.0 73
-35.5 89
44.0 10
60.5 7
63.0 28
68.5 50
-71.0 62
70.0 75
-0.5 29 30 31 85
0.5 43 52 64 74 83 90
1.0 1
-1.0 4 18
1.5 13
-1.5 54 93 96
