-2.0 11 21
2.0 13 25 39 41
0.0 16 35 40
-2.5 8 12 87 93
2.5 20 70 98
3.0 44 57 77 91
-3.0 48 84
-3.5 2 3 5 45 96 97
3.5 34 47 66
-4.0 0 65 80
4.0 69
-4.5 19 23 24 53 88
4.5 22
5.0 26 38 72
-5.0 67
-6.0 36
6.0 49
-6.5 4
8.0 42
8.5 79
-9.0 46
9.5 14
-11.0 60
-13.0 59
-13.5 76
-14.5 17
-15.5 68
15.5 86
-16.5 55 94
-18.0 33 56
-19.0 71
-21.5 6
24.0 95
-25.5 9 78
26.0 99
-28.0 73
29.5 63
40.0 10
-40.5 89
58.0 7
64.5 28 50
-67.5 62
67.0 75
0.5 1 37 43 64 74 81 92
-0.5 29 30 31
1.0 15 32 52 90
-1.0 82 83
-1.5 18 54 58 61
1.5 27 51 85
