0.0 11 16 29 32 35 40 83
-2.0 12 15 21
2.0 13 87
32.0 63
-2.5 3 8 51 84 97
40.5 10
2.5 41
-3.0 2 24 27 45 48
3.0 44 47 77 91 98
-49.0 89
51.5 7
52.5 75
-3.5 0 5 93
3.5 20 34 57 65 66 69
59.0 50
64.0 28
-67.5 62
-4.0 80
4.5 22 26 72
-4.5 23 53 82
5.0 38
-5.0 67
-5.5 19 36 88 96
5.5 42
7.0 14
0.5 1 37 43 64 74 81 90
-0.5 30 31
8.5 49 92
-9.0 4 46
10.0 79
-10.5 17 60
-11.5 33 59
-13.5 76
-14.0 71
-14.5 68
15.0 86
-15.0 94
-1.0 18 54
1.0 25 52
-16.5 55
-21.5 6 73
22.5 99
-23.0 56
1.5 39 58 70
-1.5 61 85
25.5 95
-27.5 9
-29.0 78
