-2.0 3 54 84
2.0 11 13
0.0 25 35 40
39.0 10
-2.5 8 12 21
2.5 26 41 72 74 91 98
43.0 7
-3.0 0 15 27 45 48
3.0 58 66 77
-50.0 89
-3.5 2 5 24
3.5 34 44 47 57 69
4.0 20
66.5 28
64.5 50
-4.0 80
-68.5 62
4.5 14 22 38 87
-4.5 23 53 93
-5.0 36 67 85
-5.5 51
-6.5 17 19 88
-7.0 75 96
7.0 79
-7.5 4 82 83
0.5 1 16 37 39 43 52 64
-0.5 32 42
-9.5 46 60
10.0 49
10.5 65
-11.0 33
-12.0 71 76
14.0 99
-14.5 94
-15.0 59
-15.5 78
-1.0 29 30 31 61
1.0 70 81 90
16.0 86
-18.0 6
-19.0 55 68
-23.0 73
-24.5 9
-1.5 18 92 97
-24.0 56
30.5 63
31.0 95
