0.0 4 16 29 35 40 70 72
-2.0 8 18 24 54
2.0 13 41 58 91
32.5 95
37.0 10
-2.5 12 21
2.5 79
44.0 7
3.0 11 66 77 98
-3.0 17 48
-49.0 89
3.5 34 44
-3.5 45
-62.0 62
-4.0 2 5 26 36 80 85
65.5 28
4.0 47 57 69
4.5 20 22 38 74
-4.5 23 27 42 53
72.0 50
-5.0 67 75
5.0 87
-5.5 93
-6.5 88
-7.0 51 82
-7.5 19 60 92 96
-0.5 0 30 32 39 52 97
0.5 1 37 43 64 90
8.5 49
-9.5 46 78
11.0 65
-11.5 71
-13.0 33
13.5 99
-14.0 59 83
-14.5 94
-15.5 76
-1.0 3 25 31 61 84
-16.0 6
16.5 86
-17.0 55
-17.5 73
-18.5 68
-23.5 9
1.5 14 81
-1.5 15
-25.5 56
26.5 63
