-2.0 8 12 21 59 75
2.0 13
0.0 16 27 30 35 40 73 84 85
34.5 10
-2.5 17 36 52
2.5 41 66 87
43.0 7
3.0 0 11 77 98
-3.0 48 72
-50.5 89
-3.5 5 26 45
3.5 34 44 47 69
-59.0 62
67.5 28
4.0 38 57 92
-4.0 53 80
70.5 50
4.5 22
-4.5 23
5.0 20 74
-5.0 42 60 67
-5.5 2
5.5 65
-6.5 82 88 93
7.5 49
-7.5 51
-0.5 3 31 32 58 70
0.5 37 43 64 97
-8.0 96
-8.5 19
-9.5 46 78
-10.5 6 71
-12.0 55
-14.5 68
1.0 1 79 90 91
-1.0 14 24 29 61
-16.5 33
-17.5 94
18.5 86
-21.5 76
-22.5 83
23.5 99
1.5 4 15 81
-24.5 9
-1.5 18 25 39 54
29.0 95
-30.0 56
30.0 63
