0.0 3 16 35 40 43 73 91
2.0 13 15 66 81
-2.0 18 39 60
33.0 63
34.5 10
-2.5 8 12 14 21 25 65 71
2.5 11 98
43.0 7
3.0 4 41 47 77
-49.0 89
3.5 34 38 44 87
-3.5 45 48
-60.5 62
-4.0 5 23 52 58 80
64.0 28
4.0 69
4.5 0 22 57
72.0 50
-4.5 53 67 72
-5.0 26
5.5 20
-5.5 82
-6.0 88
-6.5 2 51
-7.0 42 93
7.5 49 74 92
-7.5 96
0.5 1 17 37 64 75 84 90
-0.5 24 27 29 30 31 32
-8.5 78
-9.5 19 46
-11.5 55
-13.5 6
-15.0 33 68
-1.0 61
1.0 85 97
-17.5 94
-20.0 76
21.0 86
-1.5 36 54 59 70
1.5 79
-25.0 83
-28.0 9
-29.5 56
29.0 99
30.0 95
