-2.0 8 12 21 71 80
2.0 13 39 81
0.0 15 16 35 40
-2.5 1 26 41
2.5 25 90
-3.0 48
3.0 98
-3.5 0 49
3.5 34 44 47 69
-4.0 2 23 53 91
4.5 11 22
-4.5 58
5.0 20 57
-5.0 52 72
-5.5 77
5.5 86
6.0 5
-6.0 14 61 82 96
6.5 3
7.0 56 65
-7.0 93
7.5 55
-7.5 70
8.5 33
-8.5 36
-9.0 60
-9.5 46
9.5 88
-10.5 79
-11.5 24
11.5 99
12.5 94
-14.5 76
-15.5 78
-16.5 17
-17.0 9
-18.0 95
-20.5 89
-21.0 28
-24.5 42 59
25.0 10
-26.5 83
27.0 32
-28.0 27
-36.5 68
-38.0 73
46.5 51
-47.5 67
47.0 75
46.0 85
-57.5 63
58.5 4
58.0 7
-60.0 45
68.0 50
0.5 30 43 62 74 97
1.0 6 19 84
-1.0 29 31 54 64 87 92
-1.5 18 66
1.5 37 38
