2.0 4 15 81
-2.0 8 85
0.0 16 17 35 37 40 43 73
-2.5 12 14 21 70
2.5 41 87 98
3.0 38 44 77
-3.0 39
-3.5 5 25 45 59
3.5 34 47 69
-4.0 23 51 80
4.5 22 57
-4.5 53 82 92
-5.0 67 72 88
5.5 20
-5.5 26 52
6.5 0
-6.5 65 78 96
-7.0 2
-7.5 58 93
7.5 74
-9.0 46
9.5 49
-10.0 19
-10.5 42
-12.0 48
-14.5 68
-16.0 6 33
-16.5 55
-18.5 83
20.5 86
-22.5 76
-22.0 94
-27.0 9
-29.5 56
32.0 95
33.5 99
38.0 63
40.0 10
42.5 7
-46.0 89
-56.0 62
63.5 28
75.0 50
0.5 1 3 11 32 64 90
-0.5 29 30 36
1.0 27 60 79
-1.0 31 91
1.5 13 66 71 75 84 97
-1.5 18 24 54 61
