-2.0 12 21 54 61 91
0.0 16 24 35 37 40 73
2.0 81
38.0 99
-2.5 8 82
41.0 10
2.5 38 41 84
42.0 63
44.5 7
-47.5 89
-48.0 62
-3.0 70
3.0 77 98
-3.5 4 39 45 65 78
3.5 34 44 47 69
62.0 28
-4.0 5 25 26 80 88
4.0 27 60 71
4.5 22 57
-4.5 23 53 72 96
78.5 50
-5.0 59 67 85 92
5.5 0 20
-7.0 2
-7.5 52 93
-0.5 29 30 43
0.5 64 66 79 90
-9.0 46
9.5 49
-10.0 58
-10.5 19
11.0 74
-12.0 48
-14.0 83
-14.5 42
-15.0 6
1.0 1 3 15 17 36
-1.0 31 51
-16.0 68
-19.5 55 94
20.0 86
-22.0 33
-23.5 56
-1.5 11 14 18
1.5 13 32 75 87 97
-25.5 76
-27.0 9
31.0 95
