-2.0 8 21 54 72
0.0 16 35 66 78
2.0 36 38 81
-2.5 12 61 88 96
2.5 26 51 98
3.0 32 41 44 77
-3.0 45 91
3.5 34 47 79 84 87
-3.5 39 85
-4.0 4 5 11 70 80
4.0 65 69
4.5 22 27 57 71
-4.5 23 25 53
5.0 49
-5.0 67
5.5 20
-5.5 59
-6.0 2
6.0 60
6.5 0
7.0 92
-7.0 93
-8.5 46 52 83
9.0 74
-10.5 19
-11.0 58
-12.0 48
-12.5 68 94
-18.5 55
-19.5 42
19.0 86
-20.0 6
-21.0 33
-25.5 56
-26.5 76
-29.5 9
31.0 95
38.5 99
41.5 10
42.0 63
-43.0 89
-46.0 62
51.0 7
59.0 28
82.5 50
0.5 17 37 64 73 90
-0.5 29 75
1.0 1 3 14 15 24 97
-1.0 30 31 40 43 82
1.5 13
-1.5 18
