2.0 13 24
0.0 16 35 37 73 96
-2.0 18 21
-2.5 8 12 15 40
2.5 36 41 77 81
-3.0 61 75
3.0 78 98
3.5 44 47
-3.5 45
-4.0 5 80 91 93
4.0 14 34 69
4.5 22 32 57 74 84 92
-4.5 23 49 53 70
-5.0 2 25 59 67
5.0 20
-6.0 11
6.0 71
6.5 51
7.0 60
-8.0 46
8.0 79
8.5 26
-8.5 83
-9.0 52
9.5 0
-9.5 58
-10.0 94
-10.5 19 68
10.5 65
-12.0 48
-18.0 42
18.0 86
-20.0 55
-21.5 6 33
-24.0 56
-26.5 76
-28.5 9
35.5 95
38.5 99
42.0 10
43.5 63
-50.0 62
54.5 28
59.0 7
87.5 50
-0.5 29 30 89
0.5 64 72 82 85 90 97
1.0 1 3 27
-1.0 17 31 66 87 88
-1.5 4 39 43 54
1.5 38
