-2.0 8 40 66
2.0 13 82
0.0 16 35 39 73
-2.5 4 12 21 27
2.5 17 77 81 98
-3.0 24 45
3.0 36 44 47 72 96
-3.5 5 59
3.5 34
-4.0 2 61 80
4.0 69
-4.5 15 23 49 53 91
4.5 22
5.0 20 57 71 84
-5.0 25 67 92
5.5 32
-5.5 70
-6.0 75 93
6.0 78
6.5 14
-6.5 58
-7.5 41 46
7.5 60 79
-8.0 11
8.0 74
9.0 51
-9.0 52
-10.0 19
10.5 0 26
-10.5 68
11.0 65
-11.5 48 83
-14.0 94
-17.0 42 55
-19.5 6
-24.5 9 76
25.5 86
-27.5 33
-29.0 56
34.0 99
36.0 95
40.5 10
41.0 63
45.5 28
-52.5 62
59.5 7
90.5 50
0.5 1 37 64 88 89
-0.5 29 30 97
1.0 3 38 85 90
-1.0 31 87
-1.5 18 43 54
