-2.0 12 21 43 89
0.0 17 35 39 73
2.0 77 87
-2.5 8 40 58
2.5 81 88
-3.0 2 4 66 85
3.0 44 96 98
-3.5 5 45 92
3.5 34 36 47 82
4.0 20 69
-4.0 80 93
-4.5 15 23 49 53 61
4.5 22 72
-5.0 24 25 27 67 91
5.0 57 65
-6.0 70
6.0 84
7.0 32 60 71
-7.0 46
-7.5 41 75
-8.0 52
8.5 78
9.0 14
-9.5 11 19 68
9.5 79
10.0 26
-10.0 55
10.5 0 51
-11.5 48
-14.5 94
-17.0 42
17.0 74
-17.5 83
-21.5 76
-25.5 6
-25.0 33
-27.5 9
-29.0 56
29.0 86
32.0 99
34.0 95
42.5 10
43.0 63
47.0 28
-53.0 62
62.0 7
89.5 50
0.5 1 3 37 38 64 90
-0.5 29 30
1.0 16
-1.0 31
1.5 13
-1.5 18 54 59 97
