0.0 3 35 39 73 87
-2.0 8 21 54
2.0 13 81
-2.5 12 40 43 92 97
-3.0 2 17 45 65
3.0 44 96 98
-3.5 5
3.5 20 34 36 47 69
-4.0 15 23 66 80
4.0 71 88
-4.5 4 25 49 53
4.5 22 82
5.0 57 60 72
-5.0 67 85 91
5.5 0
-5.5 41 61 89 93
-6.5 24 27 46 70
6.5 84
-7.0 52
8.0 32
-8.0 75
-9.0 19 55
-9.5 11 68
9.5 78
10.0 14
-11.0 48
11.0 51
12.0 26
14.0 79
-16.0 94
-17.5 42
-18.5 83
-20.0 6
-20.5 76
21.5 74
-25.5 56
26.5 86
-28.5 33
-30.5 9
33.0 99
37.0 95
41.5 63
43.0 10
48.0 28
-49.0 62
66.5 7
87.0 50
-0.5 29 30 31
0.5 37 38 64
1.0 1 16 58 59 90
-1.5 18
1.5 77
