-2.0 12 41 54
2.0 13 81
0.0 29 35 37 39
-2.5 8 21 40 85
2.5 98
3.0 20 36 47 58 60 96
-3.0 43 45
-3.5 2 5 97
3.5 34 44 72
4.0 22 59 69
-4.0 53 80
-4.5 23 25 49
4.5 57
-5.0 66 67 68 89 91
-5.5 46 52
5.5 82 88
-6.0 61
6.5 0
-6.5 27 65 75
-7.5 4 15 70 93
7.5 84
-8.5 19 24
8.5 32
-9.0 6 11 55
9.5 51 78
10.0 14 26
-10.0 17
-10.5 48
-13.0 42
17.0 79
-17.0 83
-18.5 94
-19.5 76
-24.5 56
24.5 74
24.0 86
-25.5 33
31.5 99
-32.0 9
35.0 63
36.0 10
39.5 95
48.0 28
-48.5 62
71.5 7
83.0 50
0.5 1 38 64 73 90
-0.5 3 30 31
1.0 16 77
-1.5 18 87 92
1.5 71
