-2.0 8 12 54
0.0 35 39 60 87
2.0 36 71 81
2.5 20 58 98
-2.5 21 40
3.0 44 96
-3.0 45 65
-3.5 5 43 52
3.5 34 69
-4.0 23 25 75 80
4.0 47
-4.5 2 49 53 91 97
4.5 22 57
-5.0 46 67 89
-6.0 66
6.0 82 88
-6.5 61 93
7.0 51 59
-7.5 19 55
-8.0 11 27 70
8.0 14 84
-8.5 15
8.5 78
-9.0 6
9.0 32
-10.0 48
10.5 0
11.5 79
-12.5 17
-14.0 24 94
14.0 26
-19.5 42 76
-19.0 83
22.5 74
22.0 99
-23.0 33
24.0 86
-29.0 56
-31.5 9
34.0 63
37.5 10
41.5 95
47.5 28
-48.0 62
71.0 7
79.5 50
0.5 1 37 38 64 73
-0.5 29 30 31 92
-1.0 3 68
1.0 4 16 77 85 90
1.5 13 41 72
-1.5 18
