0.0 1 35 37 39 87
-2.0 3 8 12 21 52
-2.5 40
3.0 4 44 96 98
-3.0 25 60
-3.5 5 45
3.5 34 47 51
-4.0 43 53 91
4.0 68 69
4.5 22 57
-4.5 23 46 49 80 93
-5.0 15 67 97
5.0 41 65
-5.5 2
5.5 14 82
-6.0 11
6.0 78 79
-6.5 19 89
-7.0 66
-7.5 61
-8.0 17 27 70
8.0 71 84 88
9.0 32
-9.5 48 55
9.5 59
-11.0 6
11.5 0
13.5 26
-15.0 94
-16.0 83
-17.0 76
-18.0 24
19.0 99
24.0 74
25.5 86
-27.0 9
-27.5 42
-28.5 56
-30.0 33
37.5 10
36.5 63
38.0 95
46.5 28
-47.5 62
64.5 7
78.5 50
0.5 29 58 64 73 77 85 90 92
-0.5 30 31
1.0 16 38
-1.0 75
1.5 13 20 36 81
-1.5 18 54 72
