-2.0 12 26 41 87
0.0 16 19 35 40 43 86
2.0 39 71 81 84
-2.5 1 8 14 21
2.5 90 98
3.0 11
-3.0 48 52
-3.5 0
3.5 25 34 44 47 49
-4.0 53 66 72 97
4.5 22 57
-4.5 23 82 91
-5.0 61
-5.5 2 77
5.5 20 64
6.0 33
-6.5 79
7.0 5 56
7.5 3 55 69
-7.5 93 96
-8.0 58 70
-9.0 36
-9.5 46
9.5 88
-10.5 60
11.5 65 94
-13.5 28
-14.0 9 95
-15.0 76
-16.5 24
-17.0 78
17.5 99
-20.5 89
-21.5 42
-22.5 17
-22.0 59
23.0 10
-25.0 83
26.0 32
-28.5 27
-35.5 73
-37.0 68
44.0 75
-48.0 67
49.0 85
50.5 51
53.0 4
-55.0 63
57.5 7
-61.5 45
67.0 50
0.5 15 30 37 74
-0.5 29 31 92
1.0 6 38 62
1.5 13
-1.5 18 54 80
