-2.0 8 12 54
2.0 13
0.0 35 36 39 51 77
-2.5 3 21 25 40
2.5 14 98
-3.0 15 58 91
3.0 78 87 96
-3.5 5 11 45 85
3.5 34 44 47
-4.0 46 72 80
4.0 69
4.5 22 57
-4.5 23 43 49 53
-5.0 19 67 97
5.0 82
5.5 79
6.0 4
-6.0 60
-6.5 2 17
-7.0 93
-8.0 27 61 66
8.0 41
-8.5 48 70
8.5 68 84
9.0 32
-9.5 6
-10.0 55
10.0 71
10.5 0
11.0 59 65 88
-11.5 89
-13.0 83
-14.0 76
14.5 26
-19.0 94
19.0 99
-20.5 9
-21.5 24
27.0 74
-29.0 33 56
31.5 86
-32.5 42
38.5 10
40.0 63
44.5 95
46.5 28
-48.5 62
62.0 7
83.5 50
0.5 1 29 37 64 73 90 92
-0.5 30 31 52
1.0 16 75
-1.0 18
1.5 20 38 81
