-2.0 12 17 18 21 29 91
2.0 13 38
0.0 14 35 37 39
-2.5 8 40
-3.0 45 46
3.0 47 96 98
-3.5 3 51
3.5 34 44
-4.0 5 19 80
4.0 68 69 82
4.5 22 57
-4.5 23 43 49 53
5.0 26
-5.0 67 72 85 97
-5.5 15
-6.5 76
-7.0 2 58
7.5 87
8.0 32
-8.0 48
8.5 4 84
-8.5 60 61 70
-9.0 6 66
9.0 65
9.5 88
10.0 41
10.5 79
-11.5 89
-12.0 27
12.0 59
-12.5 93
-13.5 55
14.0 71
14.5 0
-15.0 83
-20.0 9
-22.5 33
22.0 99
-23.0 94
-24.0 24
-28.0 56
30.0 74
-33.5 42
32.5 86
40.0 10
43.5 28
42.5 63
45.0 95
-50.0 62
57.0 7
78.5 50
0.5 1 52 64 73 92
-0.5 30 77 78
-1.0 11 31 36
1.0 16 20 81 90
-1.5 25 54
1.5 75
