-2.0 12 14 21 36 40 54
2.0 13
0.0 35 39 73
-2.5 8 19 26 46
2.5 38 98
-3.0 45 76
3.0 47 65 82 96
3.5 34 44
-3.5 78
-4.0 3 5
4.0 57 69
4.5 4 22
-4.5 23 49 53 80
-5.0 43 67 72 85 97
5.0 88
-5.5 29
-6.0 51
6.5 68 87
-7.0 2 15
7.0 32
-7.5 48 89
-8.5 17
8.5 84
-9.0 61 70
-9.5 58
-10.0 60 66
10.5 41
-11.0 83
-11.5 6 27
12.0 59
-13.5 93
-14.0 55
14.5 79
18.0 71
-19.5 33
20.5 0
-25.0 24
-25.5 94
-26.0 9
26.5 99
-27.0 56
30.5 74
-31.0 42
31.5 86
38.5 10
39.0 28
41.0 63
-44.0 62
49.5 95
55.0 7
78.0 50
-0.5 25 30 31
0.5 37 64 90 92
1.0 1 11 16 20 52 75 81
-1.0 77 91
-1.5 18
