-2.0 12 21 46 54
2.0 13
0.0 25 30 35 37 39 91 92
-2.5 8 40
2.5 11
-3.0 14 45
3.0 38 44 96 98
-3.5 5 36 72 76
3.5 34 47
-4.0 53 80 97
4.0 57 69
-4.5 3 23 49
4.5 22
-5.0 43 67 85
5.0 87
-5.5 89
-6.0 2
6.0 32 65
6.5 4
-6.5 48 78
-7.5 51
-8.0 17 29
8.5 84
-9.0 61 70
9.5 41
10.0 68 88
-10.5 27 66 83
-11.0 58 60
11.0 59
-11.5 15
13.0 71
-15.0 55
-15.5 6 93
15.5 79
-19.0 33
21.0 0
-22.5 94
-23.5 24 56
23.0 99
-28.5 9
-29.5 42
30.0 74
31.5 28
33.0 86
37.0 10
38.5 63
-45.5 62
53.0 7
53.5 95
87.0 50
0.5 64 73 81
1.0 1 16 20 52 90
-1.0 26 31
-1.5 18 19 75 77
1.5 82
