2.0 13
-2.0 14 21 54
0.0 35 39 52 81 82
-2.5 8 12 40 76
3.0 11 44 71 87 96 98
-3.0 45 97
3.5 34 38 47 57 69
-4.0 5 53 75 80
-4.5 17 23 36 49 85 89
4.5 22 32
-5.0 2 3 67
-5.5 27 43 48
7.0 41
-7.5 51
8.5 4 65 84
-8.5 78
-9.0 29 61 70
9.0 59
-10.0 58
-11.0 60
-11.5 66
12.0 79
-13.0 15
-14.0 55
14.0 68 88
15.0 99
-16.5 9 83
-16.0 93
-17.0 6
-19.0 94
-20.5 56
-22.5 33
23.0 0
-23.0 24
-29.0 42
33.5 10
32.5 28 86
34.5 74
-44.5 62
45.5 63
58.0 95
61.5 7
87.0 50
-0.5 19
0.5 37 64 73
1.0 1 16 25 90 91
-1.0 18 30 31 72 92
1.5 20
-1.5 26 46 77
