-2.0 8 12 77 82 92 97
2.0 13 20 72 91
0.0 14 17 35 39 76 81
-2.5 21 40
2.5 96 98
3.0 4 11 25 32 47
-3.0 45
-3.5 2 5
3.5 34 41 44 57
4.0 22 38 69
-4.0 23 53 80
-4.5 49 67 85
-5.0 36 48
-5.5 3 43 89
6.0 27
-6.0 51
-6.5 9 75
6.5 59 79
-7.0 26 29 93
-7.5 58
8.0 84
-8.5 70
-9.0 61
-9.5 78
-10.0 60
-12.0 66
14.0 68
14.5 88 99
-15.5 15
-17.0 6
-17.5 56
-18.5 55
18.0 65
-18.0 83
-20.0 94
-21.5 24
25.0 0
-25.0 42
28.0 10
-28.0 33
30.5 28
32.5 86
36.5 74
-44.5 62
46.5 63
57.5 95
64.5 7
92.5 50
0.5 1 19 37 64 73
-0.5 30
1.0 16 71 90
-1.0 18 31 46 52
-1.5 54
1.5 87
