-2.0 8 12 21 40 54
2.0 32
0.0 35 39 41
2.5 14 20 71 91 98
-2.5 17 52 77
-3.0 2 51 92
3.0 44 47 57 96
-3.5 5 45 58 82
3.5 34 59
4.0 4 72
-4.0 23 29 48 80
4.5 22 38 69
-4.5 49 53 85 93
-5.0 67
-5.5 3 43
-6.0 36
-6.5 89
-7.5 26
7.5 84
8.0 50 79
-8.0 60 75
-8.5 70
-9.0 9 61
-9.5 78
-10.0 15
10.5 27
-12.5 66
14.0 68
-14.5 56
14.5 99
-17.0 6
18.5 65
19.0 88
-20.0 55
-22.5 24 83
-23.0 94
24.0 10 28
-26.0 42
27.0 0
-29.5 33
34.0 74
35.5 86
47.0 63
-48.0 62
59.0 95
67.0 7
-0.5 30 31 81 87
0.5 37 64 73
1.0 1 16 25 76 90
-1.0 46 97
1.5 11 13 19
-1.5 18
