0.0 11 35 39 93 97
-2.0 12 87
2.0 13 19
-2.5 8 21 40 58 77
3.0 20 44 47 57 71 91 96 98
-3.5 2 41 45 48
3.5 34
-4.0 5 17 23 80 92
4.0 69 76
4.5 22 38 50 99
-4.5 49 52 53 67
5.0 72
-5.0 82 85
-5.5 3 43 60
5.5 14
-6.0 36
6.5 4
7.0 79 84
-7.5 75
-8.0 70 78
-8.5 61
-9.0 26
-11.0 15
-11.5 89
-13.0 66
-13.5 9
13.5 27
-14.0 6
14.0 68
-17.0 56
-20.5 55
-21.0 83
21.0 88
-22.0 94
23.5 10 65
-26.0 24
26.0 28
-27.5 42
-28.5 33
30.5 74
31.0 0
36.5 86
-47.5 62
47.5 63
61.5 95
67.0 7
-0.5 30 31 46
0.5 37 51 59 64 73 90
1.0 1 16 32
-1.0 25 29 81
-1.5 18 54
