-2.0 8 40 54 59
0.0 32 35 39
-2.5 11 12 21 48 60
2.5 19 57
3.0 44 47 71 93 96 98
-3.0 77
-3.5 5 45 87
3.5 34 91
4.0 20 51 69
-4.0 80
4.5 22 72
-4.5 23 49 53
-5.0 2 67 92
5.0 38
-5.5 3 43 75 78 85
5.5 25 50 99
-6.0 36 52 82
-6.5 41
6.5 84
-7.5 17 70
7.5 76
8.0 4 14
-8.0 61
-9.0 15
9.0 79
-10.0 26
-11.0 6
-11.5 89
12.5 68
-13.0 66
-14.0 56
-15.5 83
18.0 27
-19.0 9
21.5 65
21.0 88
-23.5 42 94
-23.0 55
-26.5 24
26.0 28
-27.5 33
32.0 10
33.5 74
35.0 86
40.5 0
-47.5 62
46.0 63
65.5 95
68.5 7
-0.5 31 46
0.5 37 64 73 90 97
1.0 1 16 29
-1.0 30 81
1.5 13
-1.5 18 58
