-2.0 8 12 18 54
2.0 13
0.0 29 35 39
-2.5 21 40 78
2.5 57 72
3.0 19 44 47 91 96 98
-3.0 45 75 77
-3.5 5 58
3.5 34 69
-4.0 59 80 89
4.0 71 93
4.5 20 22
-4.5 23 49 53 87
-5.0 2 11 67 85
5.0 38
-5.5 3 36 43
5.5 84
-6.0 92
-6.5 17
6.5 76 99
7.0 50
-7.0 70 82
-7.5 41 52 61
7.5 51
-8.0 15
-8.5 6
10.0 14 25 79
11.0 4
-13.0 66
13.5 68
-14.0 56
-16.0 26
-18.0 42
18.0 88
20.5 65
-21.5 9
-22.0 55
23.0 27
-23.0 83
-25.0 94
26.0 28
-28.0 24
-29.5 33
30.5 10
36.5 86
39.5 74
42.5 0
45.0 63
-53.5 62
66.0 95
69.5 7
0.5 1 37 60 64 73
-0.5 31 32 46
1.0 16 90 97
-1.0 30
-1.5 48 81
