2.0 11 13 81
-2.0 12 72
0.0 14 16 35 40 43 74
-2.5 8 21 41
2.5 90
-3.0 1 48 82
3.0 33 44 84 98
-3.5 0
3.5 25 34 47
-4.0 23 26 66 79
4.0 71
4.5 22 57
-4.5 53 61
-5.0 77 87 91
5.5 20
-5.5 86
6.0 69
-6.5 2 97
6.5 55
7.5 5
-7.5 93
8.0 3 28
-8.0 96
-8.5 70
8.5 88
-9.0 36 46
9.0 64 94
9.5 49 65
-10.5 58
-11.0 60
-12.0 9
-12.5 95
-16.0 24
-17.5 42
-18.0 78
19.0 99
-21.5 76
-23.5 89
24.5 10
-25.0 59 83
26.5 32
-28.0 17
-30.5 27
-30.0 73
-35.0 68
-44.5 67
46.0 51
48.5 4
49.0 75
48.0 85
50.5 7
-56.0 63
-67.0 45
64.0 50
0.5 6 62
-0.5 29 31 37
-1.0 19 56 80 92
1.0 30 38
1.5 15 39
-1.5 18 52 54
