-2.0 8 12
0.0 35 39 72
2.0 57
-2.5 21 29 40
2.5 98
3.0 19 91 96
-3.0 45
-3.5 5 77 89
3.5 34 44 47 60 69 71
-4.0 80
4.5 22 38
-4.5 23 49 53 58
-5.0 2 3 36 43 59 67 85
5.0 20 84
-5.5 15 87
5.5 76
-6.5 70
-7.0 11 61 92
7.0 99
7.5 4
-7.5 41 82
-8.5 52
9.5 93
10.0 14 51
-10.0 17
-10.5 6
10.5 25 50 79
-13.0 66
13.0 68
-14.0 26
-14.5 56
-15.0 42
15.0 88
18.5 27
-18.5 55
-21.0 9
22.5 65
24.0 28
-26.0 83
-27.5 33
-28.0 94
29.5 10
-31.0 24
36.0 86
39.5 74
40.5 0
51.0 63
-52.0 62
67.5 95
75.5 7
0.5 37 64 73
-0.5 46 75
1.0 1 16 78 90
-1.0 18 30 31 32 48
1.5 13 97
-1.5 54 81
