-2.0 8 12 15 21 54 81
2.0 13 57
0.0 35 39 48
-2.5 40 72
2.5 71 91
3.0 19 96 98
3.5 34 47 76 89
-3.5 45 77
4.0 4 69 78 79 84
-4.0 5 36 80
-4.5 3 23 49 53 67
4.5 22 38
-5.0 43 85
-5.5 2 41 59
5.5 20 60
-6.0 29 61 70
-6.5 87
7.0 25 99
-7.5 82 92
8.0 93
-8.5 11
9.0 14
-9.0 52
-9.5 17 26
-11.0 6
11.0 51
-13.0 42 66
15.0 50
15.5 27 88
-17.0 56
17.0 68
18.0 65
-20.0 55
21.0 28
-24.0 9
-25.5 94
-27.0 83
28.5 10
-28.5 24
-30.0 33
35.5 86
36.0 0
39.5 74
-44.0 62
54.0 63
70.0 95
73.5 7
0.5 1 37 64 73
-0.5 30 31 32 46
1.0 16 44 90
-1.5 18 58
1.5 75 97
