-2.0 12 58 81
2.0 13
0.0 32 35 37 39
2.5 4 19 79 84 98
-2.5 21 40 41
-3.0 36 45
3.0 44 96
-3.5 3 5 77
3.5 34 47
4.0 22 38 69
-4.0 80
-4.5 23 43 49 53 72
-5.0 2 59 67 85
5.0 71
-5.5 15 61 70
5.5 20
6.5 14 89 99
-6.5 87
7.0 60 78
-7.0 82
7.5 25
-7.5 92
-8.5 29
-9.0 52
9.0 76
-9.5 11
10.0 93
10.5 51
-11.0 17
-11.5 6
-12.5 66
-13.5 42
13.5 88
-14.5 26
16.0 27 50 68
16.5 65
-19.5 56
-21.5 9
21.0 28
-21.0 55
-22.0 83 94
23.5 10
-31.5 33
-32.5 24
35.0 0
-39.0 62
38.0 86
40.5 74
51.5 63
64.5 7
71.0 95
0.5 1 48 64 73 90
-0.5 30
1.0 16 97
-1.0 31 46
1.5 8 57 75 91
-1.5 18 54
