-2.0 12 21 36 40 58
2.0 19 44
0.0 35 39 73 75 97
2.5 15 98
-2.5 81
-3.0 3
3.0 47 96
-3.5 5 59 77
3.5 14 34 38
4.0 69
-4.0 80
4.5 22 25 79
-4.5 23 43 49 53 61 70
-5.0 2 67 85
5.0 84 89
5.5 20 99
-5.5 72
6.0 71
-6.0 82
6.5 8
-6.5 87
-7.0 17 92
7.5 60
-8.0 52
-8.5 29
8.5 51
9.0 78
-9.5 11
-11.0 42
-12.0 6 66
13.0 88 93
15.0 76
15.5 28
16.5 68
-17.5 94
18.5 65
-19.0 26
-20.5 56
-21.0 9
21.0 27
23.0 50
24.0 10
-24.0 83
-26.5 55
-29.0 33
-30.5 24
38.0 0
-39.5 62
39.5 74
42.0 86
49.5 63
66.5 7
67.0 95
-0.5 30
0.5 37 64 91
1.0 1 16 32 41 90
-1.0 31 46
1.5 4 13 45 48 57
-1.5 18 54
