0.0 4 31 35 39
-2.0 12 40 54
2.0 32 48
-2.5 3 17 75 81
2.5 79 98
-3.0 21
3.0 38 47 96
-3.5 5 70 77
3.5 34
4.0 22 69 99
-4.0 23 43 44 53 61 80
4.5 41
-4.5 49 72 82 85
5.0 8
-5.0 67
-5.5 2
5.5 20 51 89
6.0 71
-6.0 87
-6.5 29 52 92
7.0 15 60
-8.0 58
-9.0 11
9.5 78
-11.5 66
-12.0 6 42
13.5 28 88
14.0 93
14.5 65
-16.0 94
-20.5 26
20.5 68
-21.5 9 56
21.5 76
22.0 27
22.5 50
-23.5 24
-26.0 55 83
27.0 10
-28.5 33
35.0 0
-37.0 62
40.5 74
43.0 86
47.5 63
59.5 95
61.5 7
0.5 1 25 37 64 73 90
-0.5 30 36 91 97
1.0 14 16
-1.0 59
1.5 13 19 45 57
-1.5 18 46 84
