-2.0 12 46
0.0 35 39
2.0 51
2.5 38 48 98
-2.5 40 72 81
-3.0 61 70 82
3.0 96 97 99
-3.5 5 29 43 77
3.5 17 32 34 47 69
-4.0 80
-4.5 21 23 49 53
4.5 22
-5.0 2 25 42 52 67 75 85 87
5.0 20
5.5 60 89
6.0 8 15 31
-6.0 92
-6.5 58
-7.0 11
7.0 71
-7.5 6
7.5 41
9.0 78
-9.5 44
-11.0 66
12.5 28
13.0 65 88
13.5 93
17.5 50 68
-19.5 94
-20.5 56
-22.5 24
-22.0 55
-23.0 33
23.0 76
-23.5 83
-24.5 26
24.0 27
-27.0 9
28.0 10
-34.5 62
38.5 0
40.5 74 86
48.0 63
54.5 7
59.0 95
0.5 1 19 36 37 64 73 90
-0.5 79
1.0 16 45 57 84
-1.0 30
-1.5 3 4 14 18 54 91
1.5 13 59
