-2.0 12 18 40 70
2.0 13 38 79 84
0.0 35 39
-2.5 14 46 61 81 91
2.5 99
-3.0 4 42 43 52 77
3.0 47 48 96 98
-3.5 25
3.5 34 60 71
-4.0 5 53 80 87
4.0 17 69
-4.5 6 23 49 85
4.5 15 22 59 97
-5.0 2 11 67 92
5.0 20 31 32
-6.0 58
-7.0 75
-7.5 44
7.5 78 89
8.0 8
-8.5 21
10.0 41 65
-10.5 66
15.5 28 88
-17.0 33
17.5 50
-19.5 56 94
19.0 93
21.5 68
-23.5 26
23.5 27 76
-25.0 55
-26.0 24
-27.0 9
-28.5 83
-30.5 62
31.0 10
37.5 86
40.5 0
42.5 74
54.0 63
58.5 7
63.0 95
0.5 1 37 64 72 73
-0.5 19 29 30
-1.0 3
1.0 16 57 90
1.5 36 45
-1.5 51 54 82
