-2.0 12 17 40 54 61
2.0 13 45 99
0.0 30 35 39 82
-2.5 11 14 43 81 87
2.5 36 98
-3.0 46 77
3.0 72 96
3.5 34 47 48
-3.5 91
-4.0 5 23 80 92
4.0 20
-4.5 4 25 49 53
4.5 22 69 97
-5.0 2 51 67 85
5.0 8 78 84
-6.0 21 52
6.0 32 79
-7.0 42
-7.5 58
7.5 59
8.0 15 89
-8.0 75
-8.5 6
-9.5 66
10.5 41
13.0 28 65
-15.0 33
17.5 93
18.5 50
18.0 88
-19.0 26 94
19.5 27
-20.5 56
21.0 76
26.0 10
-28.0 55
29.5 68
-31.5 9
-31.0 24
-32.5 62
-33.0 83
33.5 86
41.5 0
47.0 74
48.0 63
60.0 7 95
0.5 1 37 60 64 73 90
-0.5 3
1.0 16 29 31 57 71
-1.0 44 70
-1.5 18 19
1.5 38
