0.0 3 29 30 35 39 73
-2.0 12 40 54
2.0 13 78
-2.5 21 43 60 81 92
2.5 99
-3.0 19 77
3.0 36 47 96 98
-3.5 5 46 58 71
3.5 20 34 69
-4.0 17 80 91
4.0 48
4.5 15 22 72
-4.5 49 53 85
-5.0 2 6 67
-5.5 4 23
5.5 97
7.0 8 89
-7.0 51 75
-7.5 25
7.5 28 32
8.0 79 84
-8.5 42 66
9.5 41 59
10.5 93
-11.0 52
-13.0 33
15.0 88
16.5 65
20.0 27
-20.0 94
-21.0 26
21.0 50
-22.5 56
24.5 10
-26.5 55
26.0 76
29.5 68
-30.0 62
-31.0 24 83
-33.0 9
36.5 86
39.0 0
42.5 63
52.0 74
58.5 7
63.0 95
0.5 1 37 57 64
-0.5 11 44 70
-1.0 14 87
1.0 16 38 90
-1.5 18 31 61
1.5 45 82
