-2.0 12 18 43
2.0 13
0.0 35 39 44
-2.5 40 77 81
3.0 15 20 58 82 96 97 98
-3.0 29
-3.5 5
3.5 36 47 69 99
-4.0 19 46 80
-4.5 2 49 53 85 91
4.5 22 34 48
-5.0 67 75
5.0 72
-5.5 24 60 71
6.0 89
-6.5 4 25
-7.0 23
-7.5 31 51 66
7.5 41
8.0 93
8.5 32 79 84
-8.5 42
9.0 8 88
-10.0 21
10.0 28
11.5 59
-13.0 52
-14.0 33
-15.5 94
17.0 65
19.0 50
20.5 27
-23.5 26
24.5 10
-26.5 56
-29.0 55
29.0 68
-30.5 62
30.5 76
-31.0 83
32.5 0
-35.0 9
39.0 63
44.5 86
46.5 74
58.0 7
66.5 95
0.5 3 6 37 38 57 64 70 73 87 90
-0.5 30
1.0 1 16
-1.0 17
1.5 11 14 45
-1.5 54 61 78 92
