2.0 11 13 14 15 90 98
0.0 35 40 52
-2.0 37 41 54
-2.5 1 8 12 19 21
2.5 56 81
3.0 47
-3.0 48
-3.5 0 61
3.5 34 44
4.0 25 84
4.5 22 57
-4.5 23 53
-5.0 66 77 91
5.5 20
6.0 55 71 94
-6.0 97
-6.5 86
-7.0 2 26 87 93
7.5 5 88
-7.5 96
8.0 3
-8.5 36 70
8.5 69
-9.0 46
10.0 28
-10.5 60
-11.0 58 95
-11.5 42
11.5 64
-12.5 9
15.0 49
-17.0 78
18.0 99
-20.0 59
-21.0 24 83
-21.5 89
-26.5 17
-26.0 76
27.0 10
31.0 32
-32.0 68 73
-35.0 27
-39.5 67
44.5 51
48.5 4
49.5 7
48.0 75
49.0 85
60.0 50
-63.5 45 63
0.5 6 16 33 38 62 74
-0.5 29 43 82
-1.0 31 92
1.0 39 72
-1.5 18 79 80
1.5 30 65
