2.0 17 20
-2.0 18 40 75 77
0.0 35 39
-2.5 12 81
2.5 87
3.0 11 24 96 98
-3.5 5 25
3.5 36 84
4.0 41 47 69 72
-4.0 44 80
4.5 14 22 48 82 99
-4.5 49 53 85
-5.0 2 19 46 67 78 91
5.5 89
6.5 15 34 88
-6.5 23 29 66
-7.0 31 51
-7.5 4
7.5 93
-8.0 33 60
-8.5 42
9.0 32
9.5 8
-11.5 71
-12.0 21
12.0 28 59
12.5 79
-13.0 52
16.0 65
-16.0 94
17.5 50
-21.0 56
25.5 27
-28.0 62
29.0 10
-29.5 55
30.0 0
-30.0 26
30.5 76
31.5 68
-34.5 83
38.0 63
-40.0 9
44.0 86
47.5 74
53.5 7
66.0 95
0.5 6 37 38 57 64 73 90
-0.5 92
1.0 1 3 16 70
-1.0 30 61
1.5 13 45 97
-1.5 43 54 58
