-2.0 12 20 40 58 77
2.0 13 70
0.0 35 39 73 92
-2.5 81
2.5 96 98
3.0 11 36 69
-3.5 5 84
3.5 24 47
4.0 17 87 93
-4.0 53 80
4.5 22 48
-4.5 25 33 49 51
-5.0 2 67 85 91
5.0 82 89
-5.5 46 66
6.0 99
-6.5 19
6.5 34 88
7.0 14
-7.5 44 78
8.0 8
-8.0 23
-8.5 4 29
8.5 28 79
9.0 32
9.5 15
-10.0 60
-10.5 31
-11.5 21
-12.0 52
12.0 59
-13.5 42
17.0 50
-17.0 56
-17.5 94
18.0 65
-18.0 71
-26.5 55 62
-31.0 26
32.0 10
32.5 27
33.5 68
35.5 0
37.0 76
-36.5 83
-43.0 9
42.5 63
45.5 74
46.0 86
50.5 7
70.0 95
0.5 1 37 38 41 57 64 75 90
-0.5 30
1.0 3 16
-1.0 6 43 54 61 97
-1.5 18
1.5 45 72
