-2.0 12 20 40 81
2.0 13
0.0 17 35 39 58 72
2.5 11 36 70
3.0 96 98
-3.5 5 41
3.5 15 47 69
4.0 24
-4.0 80
-4.5 2 49 53 66 85
4.5 22 93
5.0 34 48
-5.0 67 91
5.5 6 82 87
-6.0 23 46
-6.5 25
6.5 79 88
7.0 89 99
7.5 8
-7.5 19
-8.0 33
-8.5 29 44
-9.0 4 52 78
9.0 32
9.5 14
-10.0 84
10.5 59
11.0 28
-11.0 60
13.5 50
-14.0 56
-14.5 31
-15.5 21 42
-19.5 71
22.5 65
-24.0 94
-25.0 55
-29.0 62
32.5 0
33.5 68
34.5 10
-34.5 26
37.5 27
-37.5 83
40.5 74
41.0 76
-43.0 9
48.0 7
48.5 63
51.0 86
71.5 95
-0.5 30 43
0.5 37 38 57 64 73 90 92
1.0 1 3 16 97
-1.0 61
-1.5 18 51 54 77
1.5 45 75
