-2.0 12 20 81
2.0 34 51
0.0 35 39 72 88
-2.5 40
3.0 47 70 96 98
-3.0 97
-3.5 5 66
4.0 22 24
-4.0 58 80 91
4.5 15 69
-4.5 49 53 85
-5.0 2 17 23 67
5.0 48
-5.5 52
5.5 79 82
-6.0 29 41
-7.0 46
7.0 87 89 99
-7.5 33
8.5 6 32 59
-8.5 19 25 44
-9.0 4
9.0 93
9.5 8
-9.5 78
10.0 14
-11.0 60
12.0 50
-14.0 84
14.5 28
-16.0 21 56
-18.0 55
19.0 10
-20.5 42
-21.0 31
23.5 65
-24.0 71
-29.0 94
32.0 0
-33.5 26
-32.0 62
33.0 68
-39.5 9
39.5 27
-41.5 83
43.0 74
46.5 76
49.5 63
50.5 7
56.0 86
78.5 95
0.5 1 3 37 57 64 73 92
-0.5 43
1.0 11 16 38 90
-1.0 30 54 77
1.5 13 36 45 75
-1.5 18 61
