-2.0 12 34 54
0.0 35 37 39 43 72
2.5 10 98
-2.5 20 40 66
-3.0 29
3.0 96
3.5 47 69 70
-3.5 91
-4.0 5 53 80
4.0 24
4.5 22 48
-4.5 49 58
-5.0 2 67 85
5.0 89
5.5 6 51 79 82
6.0 59
-6.5 23
-7.0 17
7.0 99
7.5 32
-7.5 41 46
8.0 87 93
-9.0 4 19 78
9.0 15
9.5 14
10.0 50
-10.0 60
-10.5 25
-12.0 33
12.5 28
-13.5 44
14.0 8
-15.5 84
-16.5 56
-18.0 21
-21.0 42
-22.5 55
-25.5 71
-26.0 26 31
-26.5 62
27.5 65 68
-29.0 94
30.5 0
-39.5 9
-38.5 83
41.5 27
44.0 74
49.0 63
48.0 76
55.5 7
63.5 86
76.5 95
0.5 1 3 36 57 64 73 92
-0.5 75 77
-1.0 11
1.0 16 90
1.5 13 38 45
-1.5 18 30 52 61 81 88 97
