0.0 3 29 30 35 39 72 77 92
-2.0 12 18 54 61
2.0 13
2.5 10 52 98
-2.5 20 40 91
3.0 59 96
-3.0 75
-3.5 5 11
3.5 24 47 69
4.0 70
-4.0 80
4.5 22 48 82
-4.5 49 53 97
-5.0 2 58 67 85
5.0 89
-5.5 88
-6.0 34
6.0 79 99
6.5 32 50
7.0 93
7.5 14
-7.5 41 78
-8.0 46 60
-8.5 4
8.5 51
9.0 6 87
-10.0 19 25
-11.0 17
12.0 28
-12.5 23 33
13.5 8 15
-13.5 56 84
-16.5 42
-17.5 44
-18.5 62
-20.0 21
-21.5 26
-22.0 55
-25.0 31 71
-25.5 94
28.0 65
29.5 0
33.0 68
-36.0 9
38.0 63
-38.5 83
40.5 27
42.0 74
44.5 76
58.0 7
67.5 86
73.0 95
-0.5 36
0.5 37 43 64 73 90
1.0 1 16 57
-1.0 81
1.5 38 45
-1.5 66
