-2.0 20 36 54
0.0 35 39 72
2.5 10 38 98
-2.5 12 40 61
3.0 47 96
-3.0 97
-3.5 5
3.5 24 82
4.0 69
-4.0 80
4.5 22 48 70 89
-4.5 49 53 78
-5.0 2 67 85
5.0 14 52 99
-5.5 11 60
5.5 28 32
-6.0 25 41 75
-6.5 58
7.5 6
-8.0 4 17
8.0 93
-8.5 46
-9.0 34
9.5 8 87
-9.5 88
-10.0 19
10.5 15 51
-10.5 33
-11.0 42 44
-12.5 62
-16.0 56
-17.0 23
-18.5 26
-19.5 55
-20.5 21
-22.5 31
-23.0 94
-24.0 71
-24.5 84
26.5 65
28.5 0
30.0 63
33.0 68
-37.5 9
41.5 76
43.0 27 74
-47.0 83
62.5 7
65.5 86
72.5 95
0.5 1 37 43 59 64 73 77
-0.5 3 30 66 92
1.0 16 29 50 57 90
-1.0 81
1.5 13 45
-1.5 18 79 91
