-2.0 12 20
2.0 13 14 82
0.0 35 39 61 66 72 89
2.5 10 24
-2.5 25 40 59
-3.0 36 60
3.0 38 96 98
-3.5 5 41
3.5 47
-4.0 17
4.0 22 32 48 69 99
-4.5 49 53 67 80 85
-5.0 2
5.0 70
6.0 6 52
-6.0 43
-7.0 4
-7.5 75
-8.0 11 58
-8.5 46
-9.0 42 97
-9.5 44
9.5 87
-10.5 19 34
11.0 8 51 93
-11.0 62
-11.5 88
12.0 15
-14.5 33
-17.0 26 55
-18.0 56
-19.0 23
22.5 0
-22.5 94
-24.5 31
-26.0 21
-27.5 71
28.0 65
-29.0 84
31.0 63
35.5 68
-41.0 9
43.5 27
43.0 74
42.5 76
-47.0 83
63.5 7
65.0 86
78.5 95
0.5 1 37 50 64 73 77
-0.5 29 81 91
1.0 16 57 90
-1.0 18 30 54
-1.5 3 28 78 79 92
1.5 45
