0.0 1 25 35 39 41 58 72 81
-2.0 3 12 20
2.0 13 24
2.5 10 32 99
-2.5 40 92
3.0 96 98
-3.5 5 29
3.5 38 47 48
-4.0 28 36 59 80
4.0 69
4.5 22
-4.5 49 53 85
-5.0 2 43 67
5.0 50 70
5.5 52
-6.0 4 42
6.0 8
-6.5 89
-7.0 62
-7.5 17
-8.0 75
-9.0 11 44 46
9.0 93
9.5 87
10.0 6 51
-10.5 19 34 88
13.0 15
-15.5 26
-16.0 97
-18.0 56
20.5 0
-22.0 33 55
-23.5 23 94
-24.0 31
-25.5 21
-26.0 84
-28.5 71
30.5 65
35.0 63
-39.0 9
38.5 27
40.5 68 76
41.5 74
-43.5 83
63.5 7
62.5 86
76.5 95
-0.5 14 30
0.5 37 60 64 73 82 90 91
1.0 16 61 66 77
-1.0 18
1.5 45 57 78
-1.5 54 79
