-2.0 12 44 54
2.0 13 99
0.0 35 39 72 73 81
2.5 10
-2.5 14 40
-3.0 3 20
3.0 47 48 60 96 98
-3.5 5
3.5 52 61
-4.0 28 80 92
4.0 38 41 69
4.5 22
-4.5 49 53
-5.0 2 4 36 67 85
5.0 25 43 70
-5.5 59 62
6.0 58
-6.5 75
-7.0 29 42
7.5 51
-8.5 34
9.0 8 50 87
-9.0 17 46
-9.5 11 89
-10.5 19
-11.0 88
11.0 93
11.5 15
12.5 6
-14.0 26
-17.0 56
-18.5 97
19.0 0
-20.0 33 55
-23.5 84
-24.5 23
25.5 7
-25.0 31
-27.0 94
-28.0 71
-31.0 21
-37.0 9
36.0 63 65
41.5 27 74
42.0 68
-43.0 83
45.0 76
64.5 86
74.0 95
0.5 1 37 64 90
1.0 16
-1.0 30
-1.5 18 79 82
1.5 24 32 45 57 66 77 78 91
