-2.0 8 12 41
0.0 16 31 35 40
2.0 30 56 90 94
-2.5 21
2.5 81
-3.0 1 37 48 61 97
3.0 11 14 15 44 98
-3.5 0 19
3.5 34 47 72
-4.0 23 42
4.0 25
4.5 22 55 57 84
-4.5 53 87
5.0 28
-5.0 65 77 91
5.5 20
-6.0 66
6.0 88
-6.5 93
-7.0 2 96
7.5 3 5
-7.5 36
-8.0 26
-8.5 46
-9.0 58 60 70
-10.0 86
11.0 71
-13.5 9 95
13.5 64 69
-14.5 83
-16.0 17
-18.5 78
-20.0 59
21.0 99
22.5 49
-24.5 24
-25.0 68
-27.5 89
30.0 10
-30.0 73 76
33.0 32
-39.0 67
-40.0 27
46.0 4 51
47.0 85
49.5 75
56.0 7
-58.5 45
-62.5 63
64.0 50
-0.5 29 92
0.5 38 39 74
1.0 6 52 62
-1.0 18 43
1.5 13 79 82
-1.5 33 54 80
