-2.0 12
0.0 35 39 72
2.0 66 77 91 99
-2.5 7 20 40
2.5 10 48
-3.0 14 82
3.0 47 96 98
-3.5 3 4 5
4.0 15 69
-4.0 44 75 80
4.5 22 38 51
-4.5 49 53 85
-5.0 2 42 67 92
5.0 70
-5.5 34 36 59
5.5 60
-6.5 17
6.5 61
-7.0 28
7.0 41 50
7.5 25
8.0 58 87
-8.5 29 88 89
8.5 43
-9.0 62
-9.5 11 46
-10.0 19
10.0 93
14.0 8
14.5 0 6
-15.0 26
-15.5 55
-16.5 33
-16.0 56 71
-21.0 23 97
-27.5 84
-29.5 31
-30.5 94
-33.0 21
-35.5 9
37.0 63
41.0 65
-40.0 83
42.5 27
42.0 74
46.0 76
48.0 68
64.0 86
73.5 95
0.5 1 24 32 37 52 64 73 81 90
-0.5 30
1.0 16
1.5 13 45 57 78
-1.5 18 54 79
