-2.0 7 12 14 20 28 54
2.0 13 48 57
0.0 35 37 39 43 72
-2.5 4 40
2.5 10 66 77 99
3.0 15 47 91 96 98
-3.5 5 52
3.5 69
-4.0 3 80
4.0 22 61
4.5 38
-4.5 49 53 82 85
-5.0 2 59 67
5.0 70
-6.0 36 92
6.5 0 87
-7.0 17 62
7.0 25 60
-7.5 44
7.5 93
-8.0 11 29 89
-9.5 19 46
9.5 41 58
-10.0 88
10.5 50
-11.0 71
12.0 6
-12.5 55
-13.5 42
-16.0 33
17.0 8
-18.5 56
-19.0 26
-20.5 97
-23.5 23
-26.5 31
-31.5 84
-32.0 94
-34.0 21
-39.5 9
41.0 63
40.0 65
41.5 74
42.5 27
-42.5 83
46.0 68
50.0 76
66.5 86
76.0 95
0.5 1 51 64 73 90
-0.5 24 30 32
1.0 16 81
-1.0 75
-1.5 18 34 79
1.5 45 78
