-2.0 7 12 20
2.0 13 57
0.0 15 35 37 39 72
2.5 10 34 77
-2.5 40
-3.0 51 59
3.0 66 91 96 98
-3.5 5
3.5 47 69
-4.0 80
4.0 99
-4.5 3 49 53 62 85
4.5 22
-5.0 2 67
5.0 38 70 87
-5.5 29
-6.0 36 82
-6.5 11 44 89 92
-7.0 28 43
-7.5 52
7.5 60 93
-8.0 17
-8.5 19
-9.5 46
-10.0 55 71
10.5 41
12.0 25 50
-12.0 88
12.5 6
-14.5 33
15.0 58
16.0 8
-20.0 56
-21.5 42
-22.5 26
-23.5 23
-24.0 97
-25.5 31
-30.0 84
-31.0 94
-35.5 21
-36.0 83
-38.0 9
39.0 63
39.5 74
42.0 27
45.5 65
49.0 68
55.0 76
70.5 86
79.0 95
0.5 14 54 64 73
-0.5 30 61
1.0 0 1 16 75 81 90
-1.0 4 32
-1.5 18 24 79
1.5 45 48 78
