-2.0 7 12 20 24 29 40 43
0.0 15 35 39 72 73
2.0 75
2.5 10 57 96
-3.0 5
3.0 66 77 98
3.5 14 47 87 91
-4.0 0 11 17 62 80
4.0 69
4.5 22
-4.5 49 53
-5.0 2 3 67 85
5.0 34 38 70 99
-5.5 36 51
5.5 61
-6.5 55 82
7.0 60
-7.0 71 92
-7.5 19 89
-8.0 28
8.5 25 93
-8.5 44
-9.5 46
10.0 41
-10.5 52
-12.0 88
14.5 50 58
15.0 6 8
-16.5 33
-18.0 42
-19.5 56
-24.5 26
-24.0 31
-26.5 23 97
-30.5 94
-31.0 84
-32.0 83
-37.0 9
-37.5 21
37.0 74
38.5 27
39.5 63
50.0 65
50.5 68
52.5 76
69.0 86
75.0 95
0.5 4 37 64 90
1.0 1 16 48 54
-1.0 30 32 59
1.5 13 45 78 81
-1.5 18 79
