2.0 4 13 45 59
-2.0 12 20 40 62
0.0 15 35 39 48 72 73
-2.5 7
2.5 10 57 98
-3.0 24
3.0 47 77 91 96
-3.5 5 71
3.5 66
4.0 69
-4.0 80
4.5 22 38 70
-4.5 49 53 85
-5.0 0 36 67
-5.5 2 3
6.0 60 99
6.5 14 34
-6.5 19
-7.0 55 82
7.5 43 93
-7.5 51 92
8.0 41 61
8.5 25
-8.5 28
-9.0 46
-10.0 89
-10.5 44
-11.0 88
-12.5 52
14.0 6
15.0 8
-15.5 42
16.5 50
-17.5 31
18.0 58
-19.5 33
-22.5 56
-23.0 26
-25.5 97
-28.0 23
-29.0 83
-31.5 94
-33.0 9 84
35.0 27
-37.0 21
36.5 74
45.5 63
44.5 65
49.5 68
49.0 76
69.5 86
75.5 95
0.5 29 37 64
-0.5 30 32
1.0 1 16 75 90
-1.5 11 17 18 79
1.5 54 78 81 87
