-2.0 12 17 20
0.0 15 35 39 72 87
2.0 45 81
-2.5 7 40
2.5 10 54 91
3.0 4 47 57 77 96 98
-3.5 5 24
3.5 60 66 69
-4.0 0 62 80
4.0 70
4.5 22 38 41
-4.5 36 49 53
-5.0 2 67 85
5.0 59
-5.5 3 19
-6.0 89
6.5 34 43
7.0 25 99
-7.5 51 82 92
-8.0 28
8.5 14
-9.0 46
9.0 93
-9.5 44
10.5 6 61
-13.0 42 52
-13.5 55
15.0 8
-17.5 26
-19.0 31
19.5 58
20.0 50
-20.5 88
-23.0 33
-24.0 97
-25.0 56
-27.0 23
-29.5 94
-32.5 21
-33.5 84
-35.5 9 83
36.0 27
37.5 74
40.0 65
43.0 76
47.0 63
56.0 68
71.5 95
74.0 86
0.5 11 32 37 64 71 73
-0.5 30 48
-1.0 1 18
1.0 16 29 90
1.5 13 78
-1.5 75 79
