2.0 11 13 81 91
-2.0 12 89
0.0 15 35 39 72
-2.5 7 20 40
2.5 10 71 96 98
3.0 1 47 57 66 77
-3.0 36 43
-3.5 5
3.5 54 69 70
-4.0 28 75 80
4.0 34 38
4.5 4 22
-4.5 19 24 49 53 85
-5.0 2 67
-5.5 3
5.5 62
6.0 25
-6.0 51
6.5 93
-7.0 82 92
7.0 99
7.5 59
-8.5 0 46
-9.0 9
10.0 14
10.5 8
-12.0 52
12.5 6
-13.0 42 44
13.0 61
-16.0 26
-18.5 55
-19.0 31
20.5 58
22.0 50
-24.0 23 88
-25.5 33
-26.0 97
-28.0 21 94
-29.5 56
-31.5 83
-33.5 84
34.5 27
35.5 65
36.0 74
40.0 76
51.0 63
57.0 68
68.0 95
79.0 86
0.5 17 37 64 73
-0.5 30
1.0 16 41 60 90
-1.0 29
-1.5 18 48 79 87
1.5 32 45 78
