-2.0 7 12 20 36 60
2.0 13 81 89
0.0 15 35 39 72
2.5 10 32 47 98
-2.5 28 40 41 48
3.0 11 66 70 77 96
-3.0 19 87
-3.5 17 51
3.5 38 57 69 71
-4.0 5 53 80
4.5 22
-4.5 24 29 49 85
-5.0 2 67
5.0 9 54
-5.5 3
5.5 4
-6.0 82 92
6.5 25
-6.5 75
-7.0 43
7.0 99
8.0 1
-8.0 46
-9.0 52
9.5 93
10.0 14 59 61
10.5 62
11.0 8
-11.5 42
14.0 6
-14.5 31
-16.0 55
16.5 58
-17.5 26
-17.0 44
-18.0 0
-24.5 21 23
24.0 50
-26.0 88
-27.0 33
30.0 65
-30.5 94
-30.0 97
31.0 27
-31.0 56
-31.5 84
34.0 74
40.0 76
-40.0 83
52.5 63
61.0 68
72.5 95
84.0 86
-0.5 30
0.5 37 64 73
1.0 16 34 90 91
-1.5 18 79
1.5 45 78
