-2.0 7 12 19 20
2.0 13 45 70 71
0.0 15 35 37 39 51 72 91
2.5 10 66 81 98
-2.5 40
3.0 11 38 77 89 96
-3.0 34 48
-3.5 5
3.5 47 57 69
4.0 32
-4.0 80
4.5 22
-4.5 49 53 87
-5.0 2 3 17 24 60 67 82 85
-5.5 41 52 92
6.0 54 99
6.5 4
-7.0 28
7.5 9
-7.5 29 46
-8.0 75
8.5 14
9.5 61
10.5 1
11.0 8
11.5 6 59
-12.0 31 55
12.0 62
12.5 93
15.5 25
-15.5 42
-18.5 0
-20.0 26
-20.5 44
20.5 58
-21.5 33
-25.0 23
26.5 27 65
-27.0 88
29.0 50
-29.5 84 94
-31.0 21 97
-34.5 56
36.5 74
-41.0 83
42.5 76
49.5 63
60.5 68
77.5 95
86.0 86
0.5 64 73 90
1.0 16 43 78
-1.0 30 36
-1.5 18 79
