2.0 11 13 66
-2.0 12 20 40
0.0 15 35 39 72 73
-2.5 7
2.5 38 81
-3.0 5
3.0 10 77 96 98
3.5 47 51
-3.5 82
-4.0 48 80 92
4.0 57 69 89
-4.5 3 49 53
4.5 22 99
-5.0 2 24 67 85
5.5 32
-5.5 87
6.0 14
-6.5 17
7.0 4 54
-7.0 34 46
7.5 9 62
-7.5 41 60 75
8.0 6
-8.0 28 31
8.5 43
-9.0 29
9.0 61
10.5 1
-12.0 55
12.0 59 93
14.0 8
17.5 25
-17.5 26
-18.0 0 44
-20.0 42
-21.0 33
24.0 58
25.0 27
-25.0 84
-25.5 88
26.5 65
-28.0 56
-29.0 23
-30.0 21 94
32.5 50
-37.5 97
38.5 74
38.0 86
-42.0 83
46.5 76
52.0 63
56.5 68
78.5 95
-0.5 19 30
0.5 36 37 64 90
1.0 16
-1.0 18 71 91
1.5 45 70 78
-1.5 52 79
