-2.0 12 21 54
2.0 13 97
0.0 16 35 40 74
-2.5 1 8 41 61 62 79
2.5 14 28 30 81 90 98
-3.0 33 42 48
3.0 47
-3.5 0
3.5 15 34 44 55 82
4.0 11 25 57
-4.0 23 37
4.5 22 88
-4.5 53 91
-5.0 19 77 87
5.0 20 72
5.5 84
-5.5 96
-6.0 36 58 65 93
-6.5 2 26
7.0 3 5
-7.0 60 66
-8.0 46 95
-9.0 70
10.5 69
-11.5 9
-12.0 17
12.0 71
-13.5 86
-14.5 68
16.5 64
-16.5 83
-19.5 59
19.5 99
-20.0 78
23.0 49
-25.5 24
-28.5 89
30.5 32
-30.5 73
-32.0 76
35.5 10
-39.0 27 67
43.0 85
44.0 4 51
51.0 75
-57.0 45
58.5 7
62.0 50
-64.5 63
0.5 6 38
-0.5 29 39
-1.0 31 92
1.0 52 94
-1.5 18 43 80
1.5 56
