-2.0 7 12 18 20 82 91
0.0 11 15 19 35 39 72 73
2.0 13 38 45 52
2.5 10 81
-2.5 40
3.0 14 62 77 96 98
-3.0 92
-3.5 5
3.5 47 99
-4.0 3 80
4.0 43 57 69 89
4.5 22
-4.5 48 49 53 71 85 86
-5.0 2 24 67
-5.5 75
-6.0 31 46 87
6.5 32
7.0 1 51
-7.0 28
7.5 4 54
-7.5 41
-8.0 29
-9.0 17
-9.5 34 60
11.5 9 59 93
-12.0 55
14.5 8
-14.5 26
-15.0 44
-15.5 84
-16.0 0
17.0 25
-21.5 33
-21.0 56
21.0 65
-22.0 42
24.5 58
-25.5 23
26.5 27
-28.0 88
-28.5 94
-29.5 21
29.5 50
37.0 74
-42.5 83
-43.0 97
49.0 76
55.0 63
58.5 68
79.5 95
0.5 37 64 90
1.0 16 61 70
-1.0 30
1.5 6 36 66 78
-1.5 79
