2.0 3 13 58 90 96 98
0.0 16 29 35 40 64 91
-2.0 18 36 76 80
-2.5 8 12 21 41 48 84
2.5 20 65 72
-3.0 1 86 93
3.0 19 47 79
-3.5 0
3.5 37 38 44
4.0 34
-4.0 53 82
-4.5 2 23
4.5 22 55 57 69 71
-5.0 26
-5.5 70 77
6.0 11
-6.0 99
7.5 88
8.0 33
-8.5 61
-9.0 46 52
9.5 97
-10.0 24
-11.0 17
-11.5 59
-12.5 14
13.0 87
-16.0 28
16.5 94
17.0 10
-17.0 89
-22.5 78
-24.0 9
-25.5 68
-25.0 83
-27.0 27
32.5 32
-33.0 42
-35.5 67
36.0 51
-44.5 73
-47.0 63
47.0 85
51.0 4
53.0 7
-54.5 45
54.5 75
71.5 50
0.5 6 30 43 56 62 74
-0.5 25 39 49 92
-1.0 31 95
1.0 81
1.5 5 60 66
-1.5 15 54
