2.0 1 6 13
-2.0 7 11 12 92
0.0 14 15 35 39 70 72 73
2.5 10 36 81 98 99
-2.5 20 40
-3.0 75 91
3.0 77 96
-3.5 3 5
3.5 47 69
-4.0 80
4.0 89
4.5 22 57
-4.5 24 49 53
-5.0 2 29 67 85
5.0 52
-5.5 43 46 48 86
6.0 62
-6.5 41 87
7.5 4 54
-7.5 17
-8.0 28 71
8.0 32
9.0 9
9.5 51
-10.5 34
10.5 59
-11.0 60
-11.5 31
12.0 8
-14.0 26
-14.5 44 56
-15.0 84
-15.5 0
15.5 93
16.0 65
-18.0 55
-19.0 42
21.0 25
-23.0 23 33
26.5 27
26.0 58
-27.5 94
-28.0 88
-29.0 21
33.0 50
32.0 74
-40.0 97
-43.5 83
55.5 76
60.0 63
60.5 68
80.0 95
-0.5 30 82
0.5 37 64 66
1.0 16 19 90
-1.5 18 61 79
1.5 38 45 78
