2.0 9 13 19 61 81 99
-2.0 14 20 40
0.0 15 17 37 39 72
-2.5 1 7 12
2.5 10 77 98
-3.0 3 6
3.0 36 96
-3.5 5
3.5 47 69
4.0 22 89
-4.0 24 41 91
-4.5 11 49 53 80 85
4.5 57 62
-5.0 2 35 46 67
-5.5 43
6.0 52
-6.0 86
-6.5 28 48 87
7.0 51 54
7.5 4
8.5 32 59
-10.0 34
10.5 8
-10.5 31 71
-11.0 60
-12.5 56
-13.0 44
-14.0 0
-15.5 26
15.5 65
-17.5 42
-19.0 84
-21.5 23 88
-22.5 55
22.0 93
24.5 25
-26.5 94
-28.0 33
29.0 27
29.5 58
-30.5 21
35.0 74
-37.5 97
42.0 50
-42.5 83
54.5 76
57.5 68
60.0 63
77.5 95
0.5 64 73
-0.5 66 70 75
1.0 16 38 82 90
-1.0 30 92
-1.5 18 29 79
1.5 45 78
