-2.0 3 7 12 20 40
2.0 13 81 99
0.0 15 39 72 92
2.5 9 10 19 62 77 96 98
-2.5 86
-3.0 14 28
3.0 47 61 82
-3.5 24
3.5 36 69 89
-4.0 5 53 80
4.5 17 22 43 57
-4.5 46 49 91
-5.0 67 85
-5.5 1 2
5.5 52 59
-6.0 87
-6.5 11
6.5 54
7.0 4
-7.0 35 48
-7.5 34
-8.0 31
9.0 32
-10.0 60
-10.5 71
11.0 8
-11.5 0
-13.5 26 44
-16.0 42
17.5 65
-18.0 56
-19.0 84
-21.0 55
21.0 93
-23.5 88
-26.5 23
-27.5 33 94
-28.0 21
28.0 25
32.0 27
-33.5 97
35.5 58
38.5 74
45.0 50
-44.0 83
55.0 63
55.5 68
58.5 76
78.0 95
0.5 6 29 37 64 73 90
-0.5 30 41
1.0 16 38 51
-1.0 66
-1.5 18 70 79
1.5 45 75 78
