-2.0 7 12 20 66
2.0 13 77 81
0.0 15 39 72
2.5 10
-2.5 14 24 40 70
3.0 19 59 96 98 99
-3.5 5 46
3.5 36 41 47
4.0 22 52 82
-4.0 28 34 53 61 80
-4.5 49
4.5 57
-5.0 2 67 85 91
5.0 17
-5.5 1 87
5.5 54
6.0 4 6
-6.0 69
-7.5 31
-8.0 35 48
-8.5 0 11 60
8.5 43
9.0 32
-9.0 71
-11.0 44
-12.0 26
13.0 8
-17.5 55
17.0 93
-18.5 42
-19.0 84
-20.0 56
-22.5 23
-22.0 88
-25.5 33
25.0 65
-26.0 21 94
27.0 27
-27.0 97
31.0 25
34.0 58
40.0 74
43.5 50
-44.5 83
52.0 63
56.5 68
58.0 76
75.5 95
0.5 29 37 38 51 64 73 92
-0.5 30 86
1.0 9 16 90
-1.0 18 62 79
-1.5 3 89
1.5 45 75 78
