-2.0 1 12 20 24 40 79 86
0.0 15 30 34 39 59 72 73 75
-2.5 7
2.5 10 17 98
3.0 19 36 96
-3.0 46 66 70
-3.5 5
3.5 47
-4.0 11 53 80 87
4.0 54 99
4.5 22 57
-4.5 49
-5.0 2 61 62 67 85 91
5.0 82
5.5 4
-5.5 28 71 89
-6.0 60
7.0 6 41
8.0 9
-8.0 69
-8.5 48
9.0 32
-9.0 35
-10.0 0
-10.5 44
10.5 93
-12.0 26
13.0 8
-16.5 55
-22.0 23
-23.5 42
23.5 65
-24.0 21 84 97
-24.5 94
25.5 25
-25.0 88
-26.0 56
27.0 27
-27.0 33
32.5 58
38.5 50
43.5 74
51.0 63
50.5 68
-51.5 83
55.0 76
74.5 95
-0.5 3 14
0.5 31 37 38 52 64 90 92
1.0 16 43
-1.0 51
1.5 13 45 77 78 81
-1.5 18 29
