0.0 3 15 39 72
-2.0 12 20 71
2.0 13 14
2.5 1 10 36
-2.5 7 40 46 51 59 75
3.0 19 54 96 98
-3.0 87
-3.5 5 52 60
3.5 31 34 47
-4.0 66 70 80 89
4.5 4 22
-4.5 49 53
-5.0 2 29 67 85 91
5.0 57
-5.5 11 28
5.5 82 99
-6.0 0 94
6.5 93
-7.0 43 62
-8.0 69
8.5 32
-9.0 35 48
9.5 41
10.0 6
11.5 8
-11.5 44
-15.5 26
-16.0 55
19.0 9
-19.0 97
24.5 65
-24.5 84
25.5 25
-26.0 23
-27.0 88
-28.0 21
-29.0 33 56
-29.5 42
31.5 27
34.0 50
36.0 58
42.0 68
47.5 74
-50.5 83
53.5 76
55.0 63
70.5 95
-0.5 17
0.5 37 38 64 73 90 92
1.0 16 86
-1.0 24 30 79
-1.5 18 61
1.5 45 77 78 81
