-2.0 7 12 20 46
2.0 13 54
0.0 15 24 39 60 72
2.5 10 19 98
-2.5 40
3.0 4 61 96
-3.0 43
-3.5 5 62
3.5 47
4.0 31 94
-4.0 51 80
4.5 22
-4.5 49 53 59 85 91
-5.0 2 66 67 70 75
5.0 14 57
5.5 82
6.0 6 34 86
-6.5 17
6.5 99
-7.0 52
7.0 93
7.5 1 32
-7.5 11 69
-8.0 29
-8.5 28 35 89
-10.0 48
10.5 41
-11.5 44
13.5 8
-16.5 55
-18.5 97
19.5 9
-19.5 26 88
-23.5 84
27.5 65
-29.5 23
30.0 25
32.5 27
-33.0 33 42
33.0 50
-35.0 21
-34.0 56
35.0 58
36.0 68
44.5 74
52.0 76
-55.5 83
59.5 63
64.5 95
0.5 0 3 37 64 73 92
1.0 16 38 45 77 81 90
-1.0 30
-1.5 18 79 87
1.5 36 71 78
