2.0 4 13
-2.0 7 12 20 40
0.0 15 37 39 73
2.5 10 19 60
3.0 0 96 98
3.5 71
-4.0 5 80 91
4.0 47 94
-4.5 11 49 53 85
4.5 22
5.0 57
-5.0 67
-5.5 2 59 70
5.5 82
6.0 32 93
-6.0 51
6.5 34
-6.5 66 69
7.0 6 43 99
-7.0 75
-7.5 35
8.0 14 61
-8.0 62
-9.0 29 44 89
9.0 86
-9.5 17 28
10.0 41
-10.0 48
10.5 1
-10.5 52
-14.5 84
16.0 8
-17.5 97
19.5 9
-19.0 55
-23.0 26 88
-26.5 42
28.0 27
29.5 65
30.0 50
31.0 58
-33.5 56
32.5 68
-34.5 21
-35.0 33
-36.5 23
36.0 25
40.0 74
51.0 76
-59.5 83
60.0 95
62.5 63
0.5 3 24 36 64 72 77 81 87 90
-0.5 30 92
1.0 16 31 38 45 54
-1.0 18
-1.5 46 79
1.5 78
