2.0 13 45 87
-2.0 20 40
0.0 37 39 72 73 77
2.5 10 98
-2.5 12 31
3.0 0 71 96
-3.0 7 91
-3.5 5
3.5 47
-4.0 53 80
4.0 94
4.5 22 57
-4.5 49 69 85
-5.0 2 67
5.0 32 60 82 93
-5.5 11 59
5.5 34
-6.0 70
-6.5 35
-7.0 89
7.0 99
-7.5 29 51 66
7.5 43
8.0 41 61
-8.0 75
-8.5 28 84
-9.0 17
9.5 14
-9.5 62
10.0 86
10.5 1
-11.0 48
11.5 8
-12.0 44
-12.5 52
-16.5 97
-18.0 26
-18.5 42
-19.0 88
22.0 9
-22.0 55
28.5 65
29.0 27 50
32.5 58 68 74
-34.5 33
-36.0 21
37.0 25
-38.5 23
-41.0 56
51.5 76
58.5 95
65.0 63
-64.5 83
0.5 4 15 64 81 90
-0.5 30 36
1.0 3 16 54
-1.0 46 92
1.5 6 19 24 38 78
-1.5 18 79
