-2.0 8 12 18 21 43 54 58 61 80
2.0 13 81 87
0.0 16 35 40
-2.5 1 41
2.5 55 90 98
3.0 30 44 88
-3.0 33 48
-3.5 0 26 96
3.5 25 34 42 47 94
4.0 15 28 57
-4.0 56 60 79 91
4.5 20 22
-4.5 23 36 53
-5.0 2 37 77 93
5.0 72
5.5 3 11 82
-6.0 19
6.0 84
6.5 5
-6.5 95
7.0 97
-7.5 46
-8.0 66
8.0 69
-9.0 70
-12.0 68
-12.5 9
14.0 71
-15.5 86
15.5 99
-16.0 17
-16.5 78
-17.5 83
18.0 64
-19.0 59
-23.5 24
23.0 49
-25.5 73
-28.0 76
-29.5 89
33.0 32
38.0 51
40.0 10
-40.0 27
-41.5 67
43.5 85
44.5 4
55.0 50
54.5 75
59.5 7
-58.0 45
-64.5 63
0.5 14 52 74
-0.5 29 31 65
1.0 6 38
-1.0 92
-1.5 39
1.5 62
