0.0 6 15 39 72 81
-2.0 12 91
2.0 13 38 45
2.5 0 10 24 98
-2.5 7 20 40 43 92
3.0 34 96
-3.0 69
3.5 32 47 82
-4.0 5 53 80
4.0 87 93 94
4.5 22 57
-4.5 29 35 49 59
-5.0 2 67
5.5 41
-5.5 70 85
-6.0 11 84
-6.5 28
6.5 60 99
-7.0 17 75
7.5 1
-8.0 66
8.5 8
-8.5 51
9.5 61
10.0 14
-11.0 48
-13.0 52
-14.0 62
-15.0 44
15.5 86
-16.0 97
-17.5 42 88
19.0 9
-20.5 26
-20.0 55
28.0 74
32.5 27
32.0 50
35.5 25 58
34.5 65
-37.0 21
36.0 68
-38.5 33
-39.5 56
-41.5 23
53.5 76
55.0 95
63.5 63
-64.5 83
-0.5 30 77
0.5 37 64 73 90
1.0 3 16 19 54 71
-1.0 4 31 46
-1.5 18 36 79 89
1.5 78
