-2.0 7 12 89
0.0 15 19 37 39 72 99
2.0 32
2.5 1 10 38 82
-2.5 4 20 31 35 40 71 84
3.0 24 47 96 98
-3.0 36 59
-3.5 92
-4.0 5 53 80
4.0 94
4.5 22 57
-4.5 49 70 75 85
-5.0 2 67
5.5 87 93
6.5 6
-7.0 43
-7.5 45
7.5 60
8.0 61
-8.5 17
9.0 14
-9.0 51 66
-10.0 28
11.5 8
-11.5 48
-12.0 52
-13.0 11 42
-13.5 62
14.5 86
-15.5 88
-18.5 55
-18.0 97
19.0 9
-19.5 44
-22.5 26
28.5 74
30.0 50
33.0 58
-37.0 21
37.5 27
37.0 68
-38.5 23
38.5 65
41.5 25
-42.0 33
-48.5 56
55.5 76
62.0 63 95
-64.5 83
-0.5 34 46 81
0.5 64 73 90
1.0 3 16
-1.0 29 30 69 77 91
1.5 0 13 41 54 78
-1.5 18 79
