0.0 0 15 39 43 72 91
-2.0 7 12 20 40 41 75 84
2.0 54
-2.5 1
2.5 98
3.0 10 38 93 96
3.5 24 47 94
-3.5 55
-4.0 4 5 36 80 99
4.5 22 57
-4.5 31 34 49 53 85 92
-5.0 67
-5.5 2
-6.5 71
7.0 14 60 87
-8.5 17
-9.0 51
9.0 61
9.5 8
-9.5 52
-10.0 62 66
-10.5 45
11.0 6
-12.0 48
-12.5 44
13.5 86
-14.0 28
-15.0 42
-18.0 11 97
-20.5 26 88
22.0 9
26.5 50
30.5 58 74
-34.5 21
35.0 68
39.0 27
-38.5 33
38.5 65
-40.0 23
41.5 25
-49.0 56
54.0 76
-62.5 83
63.0 95
65.0 63
0.5 3 29 37 64 73 90
-0.5 35 46 59 81
1.0 16 32 69 82
-1.0 30 77 89
1.5 13 78
-1.5 18 19 70 79
