-2.0 0 18 20
0.0 3 15 32 39 72
2.0 13
-2.5 7 12 19 40
2.5 10 59 69
3.0 96 98
3.5 38 47 54 94
-3.5 55
-4.0 5 80 99
4.0 24
4.5 14 22 57 70
-4.5 49 53 89
-5.0 2 4 17 36 41 67 85
5.0 6
-5.5 1 92
5.5 93
-6.0 52
6.0 60
-7.5 62
-8.0 34 51
8.0 87
8.5 43
-9.0 44
-9.5 71
10.0 61
10.5 8
-10.5 66
11.5 86
-12.0 45 48
-13.0 42
-14.5 97
-18.5 26
-20.0 28
-21.5 11
-21.0 88
25.5 9
26.0 74
28.0 50
34.5 58
36.0 27
39.5 25
39.0 68
-40.0 21 33
40.0 65
-46.0 23
50.0 76
-54.0 56
-62.0 83
63.0 95
72.0 63
0.5 29 37 64 73 75
-0.5 30 46
1.0 16 90 91
-1.0 81 82
-1.5 31 77 79 84
1.5 35 78
