-2.0 12 20 29 52 77
2.0 13 91
0.0 15 37 39 72 73
-2.5 7 40 82
2.5 10 19 31 98
-3.0 55
3.0 96
3.5 35 47 69
-3.5 89
-4.0 0 5 80 99
4.0 24 38 57 60 94
4.5 22 54
-4.5 49 53 85
-5.0 2 67
5.0 43
-5.5 1 36
5.5 59
-6.5 4 92
-7.0 41 51
8.5 61
-8.5 97
9.0 70 87
9.5 8
-9.5 62
-10.0 34 44
10.5 6
-11.0 71
-11.5 66
-12.0 48
12.0 86 93
-14.0 42
-17.0 45
-18.5 26
-22.5 11 88
-23.5 28
24.5 9
26.5 74
32.5 25
34.0 27
35.5 50
37.5 58 68
38.0 65
-41.5 33
-42.0 21
-44.5 23
-50.5 56
53.5 76
-61.0 83
66.0 95
71.0 63
-0.5 3 17 30 32 46
0.5 64 90
1.0 14 16 84
-1.5 18 79 81
1.5 75 78
