0.0 15 37 39 72
-2.0 40
2.0 52
-2.5 1 7 12 20 77
2.5 10 91 98
3.0 47 96
-3.0 55
-3.5 5
3.5 69
4.0 24 57 94
-4.0 53 80 82
4.5 19 22 38
-4.5 49 99
-5.0 2 43 67 85
5.0 35
-5.5 29 51
5.5 54
-6.0 36
-7.0 92
-7.5 4 41
7.5 17
8.0 8 59 70
9.5 6 87
-10.0 71
10.0 86
-10.5 34
-11.0 97
-12.0 48 66
12.0 61
-14.0 42
-14.5 62
-16.5 26 44
17.5 93
-19.0 45
-23.5 11
-24.5 88
28.5 9
-28.5 28
31.0 27 74
34.0 50
-37.5 21
37.5 25
38.5 58 68
-40.5 33
40.0 65
-44.0 23
-47.5 56
56.5 76
-62.5 83
67.5 63
67.0 95
-0.5 0 30 32 46 84 89
0.5 64 73
-1.0 3 14
1.0 16 90
1.5 13 31 60 75 78
-1.5 18 79 81
