-2.0 7 81
0.0 15 39 72
2.5 1 10 13 70 98
-2.5 12 40 77 89
-3.0 55
3.0 69 91 96
-3.5 0 51 84
3.5 24 47 57
-4.0 5 80 99
4.0 14 94
4.5 22 38 52
-4.5 49 53
-5.0 2 67 85
5.0 19
-5.5 82
-6.0 36 43
6.0 86
6.5 31 35 54
-7.0 41
7.5 17
-7.5 71 92
-8.0 4 29
9.0 8
-9.5 34
9.5 87
10.0 59
-12.0 42 48
-12.5 66
13.5 6
-15.0 26
15.0 93
15.5 61
-15.5 97
-18.5 44
-19.0 62
-21.0 45
-22.5 11
-26.0 88
-29.0 28
30.0 9
33.5 27
35.5 58
36.0 50 74
-38.5 21
38.0 68
40.5 25
-43.5 23
-42.0 56
42.0 65
-47.0 33
58.0 76
-62.5 83
64.0 95
68.5 63
-0.5 30 32 75
0.5 37 64 73 90
1.0 16
-1.0 46
-1.5 3 18 20 60 79
1.5 78
