-2.0 12 20 40 51 81
0.0 15 32 37 39 72
2.0 69
-2.5 3 7
2.5 10
3.0 13 47 91 96 98
-3.0 77 84
3.5 24 43 57
-3.5 55 70 75 99
-4.0 5 71 80 83 85
4.0 94
4.5 22 31 89
-4.5 41 49 53 60
-5.0 2 67
5.0 38
5.5 17 19
6.0 14 52
-6.0 36
-6.5 34 82
6.5 86
7.0 1
7.5 35 54
-7.5 92
-8.5 0 4 29
9.5 8 87
-9.5 42
11.5 59
-12.0 48
-13.0 66
-14.5 26
15.0 6
17.0 61
-18.5 97
19.5 93
-20.0 45
-21.5 88
-22.0 44
-23.0 11
-23.5 28
-25.0 62
29.0 9
33.0 27
-33.5 56
34.5 50
35.5 74
37.5 58
37.0 68
-39.5 21
44.0 25
-46.5 23
-47.0 33
47.0 65
55.5 76
63.0 63
64.5 95
-0.5 30
0.5 64 73
1.0 16 90
-1.0 46
-1.5 18 79
1.5 78
