-2.0 7 12
2.0 13
0.0 15 39 71 72 73
2.5 10 98
-2.5 20 40 81
-3.0 3 34 77
3.0 24 47 57 91 96
-3.5 5 55 99
4.0 14 94
-4.0 53 70 80
4.5 17 22 38 86
-4.5 49
-5.0 2 67 85
5.0 83
5.5 19
-5.5 36
6.0 52
-6.0 75
-7.0 29 82 92
7.5 54 89
-7.5 60
8.0 35
-9.0 4 84
9.0 8 43 87
-10.5 0
10.5 1
-12.0 48
12.0 59
-13.0 42 66
14.0 6
-14.0 26
15.5 93
-17.0 45
-18.5 97
19.0 61
-23.0 28
-23.5 88
-25.0 56 62
-26.0 11
27.0 9
-27.5 44
35.0 74
36.0 27
37.5 58
-38.0 21
39.0 50
38.0 68
45.5 25
-45.5 33
48.5 65
-53.5 23
62.0 76 95
67.0 63
-0.5 30 31 51
0.5 37 64 69 90
1.0 16 32 78
-1.0 18 41
-1.5 46 79
