-2.0 12 46
0.0 13 15 39 72 73
2.0 24 32 43
2.5 10 71 98
-2.5 20 40 81
-3.0 7 55
3.0 41 47 57 91 96
-3.5 3 5 77
4.0 22 52 94
-4.0 29 80 99
-4.5 36 49 53
4.5 38
-5.0 2 67 85
5.0 86
5.5 19
6.0 83
-6.0 84
-6.5 92
7.5 54
-7.5 75 82
-8.0 0
8.0 35 87
-9.0 4
9.0 89
9.5 8
-9.5 60
10.0 93
10.5 1
11.5 6 59
-11.5 48
-13.0 42 66
-15.5 26
15.5 61
-16.0 45
-19.0 97
-20.0 56
21.5 9
-22.5 28
-24.0 11 88
-26.5 62
-31.5 44
33.0 74
34.5 50
36.5 58
37.0 68
39.0 27
-41.5 21
-40.5 33
49.0 25
-55.0 23
55.0 65
60.0 76
63.5 95
73.5 63
-0.5 30 31
0.5 37 51 64 70 90
1.0 16 34
-1.0 69 79
1.5 14 17 78
-1.5 18
