-2.0 8 12 14 21 26 33 43
2.0 13 81
0.0 16 35 40 52
-2.5 36 39 41
2.5 62 90 98
-3.0 1 48 91
3.0 25 44 94
-3.5 0
3.5 34 47 72
-4.0 2 23 53 93
4.0 20 30 57
4.5 3 22
5.0 15
-5.0 77
5.5 5
-5.5 37
6.5 11 69 82
-7.0 19 46
7.0 84
7.5 65
-8.0 56 78
-8.5 70
-9.0 66
9.5 87
10.5 28 97
13.5 71
-15.0 68
-15.5 17
-17.5 83 86
-18.5 9
-19.5 59
21.5 99
22.0 49
24.0 64
-27.5 73
-28.5 24
-29.0 76
33.5 51
35.0 32
-34.0 89
-38.0 27
39.5 85
41.5 10
-45.5 67
46.5 50
50.5 4
-57.5 45
58.5 75
61.0 7
-63.0 63
0.5 6 74
-0.5 29 31 79 92
1.0 38 58 88
-1.0 42 60 95
-1.5 18 54 61 80 96
1.5 55
