-2.0 7 12 79
0.0 15 39 72 73
2.5 10 57 91
-2.5 13 20 40 46 81
3.0 32 86 96 98
-3.0 69
-3.5 5 36 55 77 99
3.5 47 71
4.0 34 94
-4.0 80 84
-4.5 0 2 3 31 49 53 85
4.5 22 38
-5.0 67
5.5 8 19
-5.5 92
6.5 6 41 54 70 83
7.0 35 87
-7.0 43 82
7.5 1
-8.0 75
-9.0 4
9.5 89
10.0 59
-10.5 60
-11.0 48
11.5 93
-13.0 45 66
-14.5 26
-16.0 42
-18.5 56
20.5 9
-21.0 28
-22.5 11 97
-26.5 88
-28.0 62
-34.0 44
34.5 74
37.0 68
38.5 58
41.5 27
-45.5 21
44.5 25 50
-45.0 33
54.0 65
-58.0 23
58.5 76
64.0 95
70.5 63
0.5 17 37 61 64 90
-0.5 29 30
1.0 16 51 52
-1.5 14 18
1.5 24 78
