-2.0 12 17 18 20 79
0.0 15 37 39
-2.5 7 36 40 81
2.5 10 57 71 96
3.0 1 6 47 98
-3.0 46 52
3.5 0
-3.5 55 77
-4.0 5 14 43 80 86 99
4.0 22 38 94
4.5 32
-4.5 49 53 92
-5.0 2 3 67 69 85
5.0 19
5.5 54 87 89
-6.0 13
6.0 35
-6.5 31 75 82
6.5 34
7.0 83
-7.5 45
8.0 59
-8.5 4
9.0 41
9.5 70
-11.0 42 48 60
-13.0 26 66
13.0 93
-18.5 56
20.0 9
-21.0 11 28 97
-29.5 62
34.5 74
-34.0 88
-37.5 44
36.5 68
40.0 58
43.0 27
45.0 25
-44.0 33
-47.0 21
46.0 50
55.5 65
59.5 76
-61.5 23
66.0 95
71.5 63
0.5 24 61 64 73
-0.5 30
-1.0 8 72
1.0 16 29 51 84 90
1.5 78 91
