-2.0 1 12 17 20
0.0 15 29 39 51
2.0 57 81
-2.5 7 40
2.5 10
-3.0 8
3.0 96 98
-3.5 5 46 55 77 92
3.5 38 47
-4.0 75 80 99
4.0 87 94
4.5 19 22 35 54
-4.5 49 53 85
-5.0 2 67
-5.5 3 82
5.5 59
6.0 6 32 43
-6.0 14
6.5 34 70
-6.5 69
-7.0 52 72
-7.5 4 45
-8.0 31 42
8.0 83 89
-9.0 13 84 86
9.5 0
10.5 41
-10.5 48 60
-12.5 66
-13.5 26
-15.0 28
16.5 93
-17.5 56
-20.5 11
21.0 9
-21.5 97
-28.5 62
33.5 68
35.5 74
-37.5 44
-36.5 88
38.5 58
43.5 27
44.5 50
46.0 25
-46.5 33
-48.0 21
56.5 65
-60.5 23
69.0 76
71.0 95
74.0 63
-0.5 24 30 71
0.5 37 61 64 73 91
1.0 16 90
-1.0 18 36 79
1.5 78
