2.0 6 57 87
-2.0 7 12 17 40
0.0 18 30 36 37 39 70 73
2.5 10 35 59 98
-2.5 20 29 92
-3.0 8
3.0 38 54 96
-3.5 5 55 77
3.5 47
4.0 0 19 94
-4.0 71 80 82 99
4.5 22
-4.5 45 46 49 53 85
-5.0 2 67 86
-5.5 1 3
5.5 34
-6.5 4 14
-7.0 28 42
7.0 32
-7.5 69
8.0 43 83
-8.0 84
-8.5 31
-9.0 60
-9.5 48 72
9.5 89
10.5 41
-10.5 52
-11.5 13
-12.0 66
-16.0 11
-16.5 56
16.0 93
-17.0 26
23.0 9
-24.0 97
-26.5 62
30.5 68
34.0 58
-36.5 88
39.0 27
38.0 74
40.0 25
-40.0 44
43.0 50
-45.5 21
-53.0 33
57.0 65
-61.5 23
70.5 63
73.5 76
74.0 95
0.5 15 61 64 90
-0.5 91
1.0 16
-1.0 24 51 75
1.5 78 81
-1.5 79
