-2.0 12 17 20 24
0.0 15 39
2.0 38 54
-2.5 7 40 51 82
2.5 10 34 98
3.0 47 96
-3.5 5 45 55 77
3.5 19 94
4.0 0
-4.0 80 85 99
-4.5 2 49 53 70
4.5 22
-5.0 42 46 67
-5.5 1 3 4 28 84
-6.0 14 29
-6.5 60
8.0 32
-8.0 69 71
8.5 41 83
-9.0 48 72
9.5 89
-11.5 66
-12.0 26
-12.5 13 52
-13.0 11
-15.0 31
16.5 93
-17.5 56
20.5 9
-27.0 62
28.0 68
-29.0 97
33.5 58
-41.5 44
40.0 74
-40.0 88
45.5 25 27
-46.0 21
48.0 50
-53.5 33
-63.5 23
67.5 65
71.0 63
72.5 76
72.0 95
0.5 6 18 35 37 61 64 73 86 87 90
-0.5 30 59 81
-1.0 8 92
1.0 16 36 75
-1.5 43 79 91
1.5 57 78
