-2.0 12 17 20 79
0.0 15 28 39 42 73
2.0 36
-2.5 7 40 91
2.5 10 19
-3.0 1 24 55 59 70 81
3.0 47 96 98
-3.5 5 60 77
3.5 86
-4.0 14 53 80 82 99
4.0 94
-4.5 4 49 51
4.5 22
-5.0 2 67 85
-5.5 3 46
5.5 6 89
6.0 41
-7.5 43 45
-8.0 69
-8.5 29 48
8.5 83
9.0 32
-10.0 71
-11.0 66
-12.5 13
-13.0 52
-13.5 72
-14.5 26
-15.0 11
-17.5 31 56
19.0 93
21.5 9
-27.5 62
28.5 68
-30.0 97
33.5 58
-37.5 44 88
43.5 74
-47.0 21
47.0 25 27
53.5 50
-57.0 33
-65.0 23
69.5 63
69.0 65
68.5 95
75.0 76
-0.5 30 92
0.5 37 61 64 90
1.0 0 8 16
1.5 18 38 54 57 75 78
-1.5 34 35 84 87
