2.0 1 18 19
-2.0 7 17 20 40
0.0 15 39
2.5 10 41 70 89 98
-2.5 12
3.0 0 8 36 96
-3.0 4 28 77 87
-3.5 5 24 35 55 91
3.5 6 47
-4.0 45 80
4.0 94
4.5 22
-4.5 49 53 59 67 81 85 99
-5.0 2
-5.5 3 34
5.5 42
-6.0 46 51 82
6.5 86
-7.0 69
-7.5 48
-8.5 29 62
8.5 83
9.0 32
-10.5 66 71
-11.5 13
-12.0 52
-13.5 26
-15.5 11
-16.0 56
-18.0 31
18.5 93
-19.5 72
22.0 9
-28.5 97
-29.5 44
31.5 68
32.5 58
41.0 74
-41.0 88
46.0 25 27
-51.0 21
-53.5 33
56.0 50
-61.5 23
66.0 95
69.0 65
74.0 63
76.5 76
0.5 37 64 73 92
-0.5 60
1.0 16 54 61 84 90
-1.0 30 43
-1.5 14 79
1.5 38 57 75 78
