0.0 15 39
-2.0 17 53 79
2.0 42 60
-2.5 7 12 20 40
2.5 10 18 98
-3.0 28 77
3.0 84 89 96
3.5 0 36 47 75
-3.5 45 55
-4.0 5 24 80 91 99
4.0 94
4.5 22
-4.5 49 85 87
-5.0 2 3 67
-5.5 35 59 62 69
-6.0 81
-6.5 29 82
7.0 1
-7.0 46 48
7.5 6
-7.5 51
8.0 43 70
-8.5 34
8.5 83
-9.0 13 71
9.0 32
-9.5 52 66
11.5 93
12.0 86
-14.0 26
-14.5 11
-18.0 56
-19.5 72
-20.0 31
22.0 9
-28.0 97
-29.0 44
33.0 68
36.5 58
40.5 74
45.5 27
-44.0 88
49.0 25
-54.0 21
55.5 50
-57.0 23
-59.5 33
65.0 65
66.5 95
75.5 76
80.5 63
0.5 8 37 61 64 73 92
-0.5 30
1.0 16 38 54 57 90
-1.5 4 41
1.5 14 19 78
