0.0 4 15 39 73 84
-2.0 12 17 20
2.5 10
-2.5 40 42 77
3.0 18 47 96 98
-3.5 5 29 55
3.5 36
-4.0 8 69 80 99
4.0 14 94
-4.5 3 24 41 49 91
4.5 22 60 89
-5.0 67 85
-5.5 2 59 87
-6.0 13 28 48 52 71
6.0 43 93
-6.5 81 82
7.0 0
-7.0 35
-7.5 46
8.0 6
-8.0 62
8.5 32 83
-8.5 51 66
9.0 70
10.0 1
-10.5 34
-12.5 11
12.5 86
-13.0 26
-16.0 56
19.5 9
-21.5 72
-28.5 44
-29.5 31
32.5 58 68
-33.0 97
40.5 27
-43.5 88
46.0 74
50.0 25
53.5 50
-57.5 23
-59.5 21
59.0 95
61.0 65
-62.0 33
68.0 76
82.0 63
-0.5 30 45
0.5 37 38 61 64 75 92
1.0 16 54 57 78 90
-1.5 7 53 79
1.5 19
