-2.0 7 12 17 20 52 69 71 77 79
0.0 15 39 73
2.0 54 75
2.5 10
-2.5 13 40
3.0 18 36 43 96 98
-3.0 45
3.5 47
-3.5 55
-4.0 3 5 80 99
4.0 94
4.5 22 70
-4.5 49 59 84
-5.0 2 24 67 91
5.0 93
-5.5 48 85
6.0 14
-6.0 82 87
6.5 60
-6.5 81
-7.0 41
7.5 6
-7.5 66
8.0 32 83
-8.0 35 46
9.0 0
-9.0 51
-10.0 62
10.5 1
-10.5 34
11.0 86
-11.5 28
-13.0 11 26
-15.0 56
20.0 9
-23.0 72
-27.0 31
29.5 68
-32.5 44
33.5 58
-33.0 97
36.0 27
-47.5 88
48.0 74
52.5 50
54.5 25
-59.5 23
58.5 65 95
-62.5 21
-62.0 33
62.5 76
84.0 63
-0.5 8 29 30
0.5 37 38 64 92
1.0 16 19 57 61 90
-1.0 42
1.5 4 78 89
-1.5 53
