0.0 6 16 33 35 36 40 79
-2.0 12 18 21 54 91
2.0 13 60 81
-2.5 1 8 41 43 93
2.5 25 62 90
-3.0 2 26 39 48
3.0 3 47 58 98
-3.5 0
3.5 20 34 44 57 94
4.5 5 22 30
-4.5 23 53 78
-5.0 14 77
5.5 15
-6.0 37
6.0 95
6.5 11 82
-6.5 46 56
7.5 84
-8.0 19
8.0 69
-8.5 70
-9.5 66
11.0 97
11.5 28 65 87
-12.5 86
13.0 71
-15.5 9
-16.5 68
-17.5 17
-18.5 59
-19.0 83
20.0 49
22.5 64
24.0 99
29.0 32
30.5 51
-31.5 24
-31.0 76
-33.0 73
-37.5 27
-36.0 89
39.5 85
43.0 50
44.0 10
-46.5 67
-53.0 45
56.0 4
59.0 7 75
-62.5 63
-0.5 29 31 88
0.5 42 74
1.0 55 72 96
-1.0 61 92
1.5 38
-1.5 52 80
