-2.0 7 20 40 70 77
0.0 15 37 39 69 92
2.5 10 36
-2.5 12 17 45 59
3.0 4 18 47 54 96 98
-3.0 42
-3.5 3 55 89
3.5 43 94
-4.0 5 80 99
4.0 22 93
-4.5 2 48 49 85
5.0 6
-5.0 24 67 82 91
-5.5 81
-6.0 84
-6.5 66 87
7.0 32
7.5 14 60 83
8.0 1
-8.0 41
-8.5 46
-9.0 34 35 51
-9.5 11 26
-10.5 28
-11.5 62
-13.0 56
14.5 9
15.0 86
17.0 0
-23.5 72
-24.5 31
27.0 68
30.5 27
31.0 58
-32.0 44
-36.0 97
41.0 74
-47.5 88
53.0 50
-56.5 21
-57.5 23
57.5 65
-58.0 33
59.5 76
61.0 25
61.5 95
82.5 63
0.5 13 38 57 64 73 90
1.0 16 19 29 61
-1.0 30
1.5 8 52 71 78
-1.5 53 75 79
