-2.0 12 40 79
2.0 13 36
0.0 15 37 39 59 73 89
-2.5 3 7 17 20 53
2.5 10 18
3.0 43 96 98
3.5 1 47 71
-3.5 5 55
4.0 4 54 94
-4.0 48 80 81 82 91 99
4.5 6 22 52
-4.5 49 70 85
-5.0 2 24 67
5.5 32
-5.5 66
-6.0 34
-6.5 87
7.0 14 83
-7.0 41
7.5 60
-8.0 51
-9.0 35 46
-9.5 26 84
-10.5 11
-14.5 56
15.0 9
-17.5 28
-18.5 62
19.5 86
-23.0 72
25.0 0
-25.5 31
26.5 27
28.5 58
28.0 68
-29.5 44
-33.0 97
41.0 74
-43.5 88
-54.0 23 33
54.0 50
-59.0 21
60.0 65
65.5 25
64.0 76 95
82.0 63
-0.5 29 75
0.5 38 57 64
1.0 8 16 61 90
-1.0 30 92
1.5 19 45 69 78 93
-1.5 42 77
