-2.0 1 3 7 12 20 34 79 81 92 93
0.0 15 39
2.0 18
2.5 6 10 42 98
-2.5 17 40 82
3.0 13 43 59 69 71 75 96
-3.0 29 48 55
-3.5 5 84
3.5 47 89
4.0 32 94
-4.0 80 99
4.5 22
-4.5 24 49 66 85
-5.0 2 41 67
5.0 4
5.5 54
6.0 14 52 60
-6.0 87
6.5 8 83
-6.5 51
-7.5 26
-8.5 35
-9.0 46
-9.5 11
-14.5 56
18.0 9
-22.0 28
-22.5 31 62
25.0 86
-27.5 72
28.5 0
28.0 27 68
-28.0 44
30.0 58
-33.0 97
43.5 74
-43.0 88
-48.0 23
-52.0 33
-58.5 21
58.0 50
64.0 25
64.5 65
67.5 76 95
79.0 63
-0.5 30
0.5 37 57 61 64 73
1.0 16 36 38 90
-1.0 77 91
1.5 19 78
-1.5 45 53 70
