0.0 6 15 37 39 81
-2.0 7 17 20 40
2.0 19 34
2.5 10 13 89
-2.5 12 48
-3.0 26 49 55 92
3.0 32 43 47 96 98
-3.5 5 66 99
3.5 14 69 75
4.0 22 94
-4.0 24 80
4.5 60
-4.5 93
-5.0 1 51 67 85
5.0 70
-5.5 2 87
5.5 83
6.0 4 52 59
-6.5 29
6.5 54
-7.5 35
-9.0 11
-9.5 46
10.0 8
-10.5 56
-16.5 31
20.5 9
-24.0 28
-25.0 44
25.5 68
26.0 0
26.5 58
-26.0 62
29.0 27
-29.0 97
-30.0 72
31.0 86
39.0 74
-41.5 88
-44.5 23
-53.5 21
53.5 63
56.0 50
-58.0 33
63.5 25
65.5 95
69.5 65
70.5 76
-0.5 30 36 77 84
0.5 57 61 64 73
-1.0 3 82 91
1.0 16 18 90
1.5 38 71 78
-1.5 41 42 45 53 79
