-2.0 7 12 53 71 79 93
0.0 15 39 77
2.0 38 41 60
2.5 10 81 89
-2.5 20 40 66
-3.0 6 51
3.0 8 19 43 96 98
-3.5 24 55
3.5 47 69 75
-4.0 5 26 80 92
4.0 52 94
4.5 22 63
-4.5 45 87 99
-5.0 2 67 85
5.0 34 83
-5.5 1
-6.0 42
6.5 4
-6.5 35
7.0 54
-8.5 29
8.5 59
9.0 70
-9.5 46
-11.5 11
-14.0 56
-15.0 31
20.0 68
22.5 9
-22.5 44
23.0 58
-24.0 28
-25.5 62
26.0 0
30.5 27
-30.0 97
-36.0 72
37.5 74
38.0 86
-38.0 88
-45.5 23
-53.0 21
-56.5 33
57.5 50
66.5 25
67.5 95
69.0 65
73.5 76
-0.5 3 30 49 91
0.5 13 14 18 37 57 61 64 73 82 90
1.0 16
-1.5 17 36 48 84
1.5 32 78
