0.0 3 15 37 39 73 77
-2.0 7 13 17 79
2.0 8 49 82 84
2.5 10 38 89
-2.5 12 14 20 36 40
-3.0 1 24 45 87
3.0 43 69 96 98
-3.5 5 6 55
3.5 19 47
-4.0 80 99
4.0 81 83 94
4.5 22
-4.5 35
-5.0 2 67 85
5.5 41
-5.5 92
6.0 63
-6.0 71
6.5 34
7.0 4
7.5 54
8.0 70
-8.5 29
-9.0 42
-9.5 11 46
10.5 59
-17.0 31
-18.0 44
19.0 9
19.5 68
-20.0 56
22.0 58
24.5 0
-25.0 28
-28.5 62
-29.5 97
33.0 27
35.0 74
-34.5 88
-36.5 72
39.0 86
-45.5 23
-54.0 21 33
55.5 50
64.5 25
66.5 95
70.0 65
68.0 76
-0.5 18 48
0.5 26 32 57 61 64 75 90
1.0 16 52 93
-1.0 30 60 91
-1.5 51 53 66
1.5 78
