-2.0 12 17 18 20 24 40
0.0 15 39 48 51 73
2.0 70 93
-2.5 7 35 75
2.5 10
3.0 38 43 82 83 89 96 98
-3.0 52
-3.5 5 55
3.5 45 47
4.0 6 19 84 94
-4.0 36 60 80 99
-4.5 14 85
4.5 22
-5.0 2 13 67
5.5 8 81
-5.5 76
-6.0 29 92
6.5 34 49
7.5 4 54
8.5 41
-9.0 11 42 71
-9.5 46
9.5 63
11.5 59
12.5 68
15.0 9
-19.5 31 44
23.0 0
-23.0 56
-25.5 28
27.5 58
-29.5 97
-33.5 62 88
32.5 74
-35.0 72
39.5 27
41.5 86
-45.5 23
48.5 50
-52.0 33
-54.0 21
67.0 25
68.0 65
71.5 95
0.5 3 26 37 57 61 64 77 90
-0.5 32 66
1.0 16
-1.0 30 91
1.5 1 69 78
-1.5 53 79 87
