-2.0 12 20 53
0.0 15 37 39 61 66 69 87
2.0 89
-2.5 7 17 29 40
2.5 10 83 93
-3.0 18 75
3.0 43 96 98
-3.5 5 55 70
3.5 38 47
-4.0 80 85
4.0 82 94
4.5 19 22 34 84
-4.5 36 42
-5.0 2 67 76
5.0 49
6.5 1 6 81
-6.5 14
-7.0 52 60 92
7.0 54 63
7.5 4
8.5 8
-8.5 13
9.0 68
-9.5 46
-10.0 11
10.0 41
-10.5 71
12.0 59
19.5 9
-19.0 31
20.0 0
-20.0 56
-26.0 44
26.5 58
-29.0 28 97
32.5 74
-33.0 88
-35.0 72
-37.5 62
41.0 50
41.5 86
42.5 27
-50.0 23
-51.5 33
-52.0 21
63.5 65
72.0 25
73.0 95
0.5 26 64 73
-0.5 32 35 91
1.0 3 16 45 48 51 57 77 90
-1.0 24 30 79
1.5 78
-1.5 99
