0.0 15 29 37 39 45
-2.0 20 69
2.0 68 87
-2.5 7 12 17 40
2.5 10 89 98
3.0 47 96
-3.5 5 42 55
3.5 43 93
-4.0 18 70 80
4.0 38 94
4.5 22 84 99
-5.0 2 85
5.0 6 19 82
-5.5 36 76
6.0 49 54
-6.5 11 14
6.5 81
7.0 4 63
-7.5 92
8.0 8
-9.0 46 60 75
10.0 1
-10.0 52
10.5 41
-10.5 71
-11.0 13
11.5 59
-18.0 31 56
-22.5 28
23.5 0
24.5 58
-25.0 44
26.0 9
-28.5 97
-30.0 88
-35.0 62
34.5 74
40.5 50
-40.0 72
40.0 86
47.5 27
-51.0 21
-50.5 23
-52.0 33
61.0 65
74.0 25
75.5 95
-0.5 24 30 67
0.5 61 64 73 90
1.0 3 16 51 57 66
-1.0 26 32 91
1.5 34 35 48 77 78 83
-1.5 53 79
