-2.0 7 53
0.0 15 39
2.0 48 67 77 93
2.5 10 26 89 98
-2.5 12 17 20 34 40
3.0 43 47 96
-3.5 5 55
3.5 35 63 87
4.0 22 94
-4.0 69 80
4.5 38 54 84
-4.5 85
-5.0 2 76
5.0 6
-5.5 18
5.5 19 82
-6.0 14 36
6.0 81
6.5 4
7.0 99
-7.5 92
8.0 8
-8.0 71
-8.5 42 46
9.0 41
-9.5 11 68
10.0 59
10.5 1
-10.5 60
-11.0 75
-12.5 13 52
12.5 49
-15.5 31
-18.0 56
21.5 58
-22.0 44
24.5 0
-26.5 28
29.0 9
-29.5 88
-33.5 62
-34.0 97
38.5 74
39.0 86
42.0 50
45.0 27
-49.0 72
-50.5 23
-54.0 21
-55.0 33
61.5 65
76.5 25 95
0.5 24 37 64 70 73 83 90
-0.5 30 32
1.0 3 16 29 51 57 61
-1.0 45 91
1.5 66 78
-1.5 79
