2.0 3 36 38 42 81
-2.0 8 12 18 88
0.0 16 35 40
-2.5 1 21 41
2.5 33 58 79 90 98
-3.0 2 43 48 52
3.0 20 96
-3.5 0 39
3.5 5 34 44 47 57 94
-4.5 6 23 53
4.5 22 60
5.0 30
-5.0 77
5.5 15
6.0 11 95
-6.0 26 37 46
6.5 82
7.5 71
-8.0 70
8.0 84
-8.5 14 86
8.5 65 97
-9.0 19
10.5 28
-10.5 66
11.5 69 87
-12.0 56
-13.5 9
-14.0 68
-16.0 59
-20.5 83
-22.5 17
22.5 49
23.5 32
24.0 64
27.0 99
29.0 51
-30.5 24
-31.0 76
33.5 85
-35.0 73
-38.0 89
-40.5 27
45.5 10
48.0 50
-48.5 67
-52.0 45
60.0 75
62.0 4
63.5 7
-62.0 63
-0.5 29
0.5 74
-1.0 31 61 80 91 92
1.0 62
1.5 13 25 55
-1.5 54 72 78 93
