-2.0 7 12 17 20
0.0 15 32 39 51 73 90
2.0 26 66
-2.5 40
2.5 48 89 98
3.0 6 10 43 47 77 96
-3.0 55
-3.5 5
3.5 54
-4.0 14 80
4.0 63 94
4.5 22 38 81
-4.5 67 71
-5.0 2 76 85
5.0 35 87
5.5 19
6.0 4 82
-6.0 36 69
-6.5 18 34 45
6.5 41 70
-7.0 11 92
7.0 93 99
7.5 59
8.0 84
8.5 1
-8.5 46
9.0 8
-11.0 60
-11.5 75
-12.5 68
-13.0 13 42 52
-16.5 31
-16.0 44
18.0 49
23.0 0
-23.0 56
25.0 9
25.5 58
-26.5 28
-29.5 88
-37.0 62
-36.0 97
38.0 74
38.5 86
45.0 50
47.5 27
-51.0 21
-51.5 23
-53.5 33
-54.5 72
66.0 65
76.0 25 95
0.5 37 61 64
-0.5 83
1.0 3 16 29
-1.0 30 91
1.5 24 57 78
-1.5 53 79
