-2.0 7 12 17 20 53
0.0 15 30 39
2.0 24
2.5 10 54 89
-2.5 40
3.0 41 43 48 63 81 96 98
-3.0 55
3.5 1 47 93
-3.5 5
-4.0 80
4.0 94
4.5 8 22 99
-5.0 2 85
5.0 4 38 59
5.5 6 19 82
-5.5 76
6.0 26 77
-6.0 36
6.5 35 87
-6.5 92
-7.0 11 69
-7.5 18
-8.0 46 67
-8.5 68 75
-9.0 34
9.5 70
10.0 84
-10.5 45 60
-11.5 13
-12.0 52
-14.5 44
16.0 0
-16.0 42
-17.5 31
20.5 49
-21.5 28
-27.0 56
27.5 58
-29.0 88
30.0 9
35.5 74
-36.5 97
-39.0 62
39.0 86
46.0 50
50.5 27
-53.5 21
-54.5 33
-57.5 23
-58.5 72
69.0 65
75.5 25
80.0 95
0.5 3 37 64 66 73
-0.5 71
-1.0 14 79 91
1.0 16 61 90
1.5 29 32 57 78
-1.5 51 83
