0.0 3 15 37 39
-2.0 12 17 20 53 83
2.0 14 29 59 89 99
-2.5 7 40
2.5 10 32 71 98
3.0 8 24 96
-3.0 51
3.5 4 43 47 48
-3.5 5 55
-4.0 75 80
4.0 94
4.5 22
-4.5 85
5.0 38 82
-5.0 76
-5.5 2 36
5.5 19
-6.0 11 67 92
6.0 63
6.5 70
7.0 6
7.5 26 35 84
-7.5 46
-8.0 69
8.0 87
-8.5 18
-9.0 60 68
-9.5 13
9.5 77 93
-10.0 52
-10.5 34
-13.5 42
-14.5 31
15.0 0
-16.0 45
-18.5 28
-21.0 44
22.0 49
-23.5 56
24.5 58
-24.5 88
29.5 9
-36.0 97
-40.0 62
40.0 74
42.0 86
46.5 27
46.0 50
-53.5 21
-56.5 33
-58.0 23
-58.5 72
72.0 65
78.0 25
87.0 95
-0.5 30 66
0.5 61 64 73 81
1.0 16
-1.0 41 79 91
-1.5 1
1.5 54 57 78 90
