-2.0 7 12 17 40 53 79
0.0 15 39 70
2.0 57
2.5 4 10 67 89 90 98
-2.5 83
3.0 8 29 43 47 96
-3.5 5 55
3.5 24 71
-4.0 11 80
4.0 32 48 82 94
-4.5 2 36 41
4.5 14 22 26 38 77
-5.0 1 51 76 85 92
5.0 19
5.5 6
6.0 84
-6.5 13 46 52 60
7.5 63
-7.5 75
8.0 35 93
-8.0 69
-8.5 42
-9.0 18
9.0 87
-10.0 34
-14.5 31
15.0 0
-16.5 45
-16.0 68
-20.5 28
-22.5 56
-22.0 88
24.0 49
-25.5 44
27.5 58
31.5 9
-37.0 97
-44.0 62
46.5 27
47.0 50 74
47.5 86
-54.5 21
-54.0 33
-55.0 72
-60.5 23
74.0 65
77.0 25
83.5 95
-0.5 3 30
0.5 37 61 64 73
1.0 16 54
-1.0 59 91
-1.5 20 81
1.5 66 78 99
