-2.0 7 12 17 20 52 53 79
0.0 8 15 30 39 73
2.0 57
-2.5 11 40
2.5 66 71 89
3.0 10 43 82 90 98
-3.0 59
-3.5 5 13 36 55 81 83
3.5 24 29 47 99
4.0 22 94
-4.0 80 92
4.5 19 38 48
-4.5 70 85
-5.0 2 76
5.0 32
5.5 6 67
-6.0 1 46
6.5 14 84
-6.5 41 51 75
7.0 77
-7.5 69
-8.0 34
8.0 35
9.0 93
9.5 87
-10.0 18
-11.0 31
-11.5 42
-13.5 45
13.5 63
17.0 0
-17.0 68
-23.5 88
-25.5 28 56
-25.0 44
26.5 58
27.5 49
30.0 9
-36.0 97
41.5 27
-41.5 62
47.0 86
49.0 50 74
-53.5 33
-57.0 21
-59.0 72
-65.0 23
71.0 65
77.0 25
78.0 95
0.5 37 54 64
-1.0 3 91 96
1.0 4 16 61
-1.5 26 60
1.5 78
