-2.0 3 7 12 17 53 79
0.0 8 13 15 39 71
2.5 10 57 66 89 98
-2.5 36 40 92
-3.0 70
3.0 84 90
-3.5 1 5 55
3.5 38 43 47
4.0 19 24 29 94
-4.0 80 83
4.5 22 48
-4.5 59
-5.0 2 34 76 85
-5.5 46 81
6.5 6 32 99
-6.5 69
7.0 35
-7.5 11 31 41
7.5 14
-8.0 51
8.0 67
8.5 63
-8.5 75
-9.0 42
9.5 87
-10.5 18
12.5 77
13.0 93
14.5 0
-18.0 45
-23.0 68
24.0 58
-25.0 88
27.5 49
28.5 9
-28.0 44
-29.5 28
-31.0 97
-33.0 56
-41.0 62
43.5 27
45.5 86
50.0 50 74
-55.5 33
-59.5 21
-62.0 72
-66.0 23
72.5 65
79.5 25
80.0 95
-0.5 4
0.5 37 64 73
1.0 16 54 61
-1.0 30 60 91 96
-1.5 20 26
1.5 52 78 82
