-2.0 4 17 20 40
0.0 8 15 39 73 82
2.0 13 38 98
-2.5 3 7 12 26
2.5 10 57 66 70 89
-3.0 31
3.0 43 47 90
-3.5 5 55
3.5 19
4.0 24 84 94 96
-4.0 71 80 83
4.5 22 29 48 52
-5.0 2 46 69 76 85
-5.5 42 59
5.5 63
6.0 35
-6.5 81
7.0 6 14 99
-7.0 41
7.5 32
8.0 0
-9.0 11 51
9.0 67
9.5 87
-10.5 18
-11.0 75
11.0 93
13.0 77
-21.5 45 88
21.0 58
24.0 49
27.0 9
-27.0 68 97
-31.5 28
-32.5 44 56
-40.0 62
42.5 27
46.5 74
48.0 86
51.0 50
-59.0 21
-58.0 33
-63.5 23
-63.0 72
69.0 65
76.5 25
80.0 95
-0.5 30
0.5 64
1.0 1 16 37 61 78
-1.0 34 60 91
-1.5 36 53 79 92
1.5 54
