-2.0 7 17 20 26 40 53 79
0.0 15 36 39
2.0 38
2.5 10 19 89 98
-3.0 3 11 69
3.0 13 34 43 54 57 90
-3.5 4 5 31 55
3.5 47
4.0 24 66 94
-4.0 46 80
4.5 22 35
-4.5 83 85
-5.0 2 76
5.0 29 48
5.5 0 14 99
-5.5 41 59
6.0 1 52
6.5 6
-6.5 81
-7.0 42
-7.5 71
8.0 70
8.5 32 96
-8.5 75
-9.0 51
9.0 87
-10.5 18
10.5 63
12.5 77
13.5 93
18.5 67
-20.0 45
-21.5 97
22.0 9
23.0 49 58
-27.5 88
-28.5 68
-32.0 44
-34.5 28
-37.0 62
-38.0 56
41.5 27
43.0 74
47.5 86
55.5 50
-56.0 21
-60.5 72
-63.0 33
-66.0 23
73.0 65
79.5 25
83.5 95
-0.5 8 30 91 92
0.5 37 61 64 73 84
1.0 12 16
-1.0 60
1.5 78
-1.5 82
