-2.0 7 17 26 41 53
2.0 12 19 38
0.0 15 30 37 39 73 92
2.5 8 10 13 35 89 90 99
-2.5 20 40 42 82
3.0 14 43 47 57 98
-3.0 84
-3.5 5 46 55
3.5 24
-4.0 3 59 80
4.0 54 94
4.5 0 22 48
-4.5 4 83 85
-5.0 2 11 76
5.5 29 34
6.0 52
-6.5 81
8.0 87
-8.5 51
8.5 63
9.0 32
10.0 1 77
-10.0 18 71
11.0 66 96
12.0 6
-12.0 70 75
15.0 9
16.5 93
18.0 49
-19.0 97
20.0 67
23.5 58
-24.0 68
-26.5 45
-29.0 88
-33.0 44
37.0 27
-38.0 28
-38.5 62
41.0 74
-47.0 56
-53.5 21
54.0 50 86
-60.5 72
-62.0 33
-64.0 23
75.0 65
83.0 25
82.0 95
0.5 64
-0.5 91
1.0 16 36 61
-1.0 69
1.5 31 78
-1.5 60 79
