-2.0 7 17 20 40 59 79 98
2.0 12 36 89
0.0 14 15 30 39 73
3.0 24 26 47
-3.0 46
-3.5 5 55
3.5 10 43 57
4.0 8 52 94
-4.0 11 80 82
-4.5 3 83 85
4.5 22 48
-5.0 2 76 81
5.0 54
-5.5 84
-6.0 4
6.0 29
6.5 34
7.0 87
7.5 0
-7.5 51
-8.0 42
8.0 63
8.5 77
9.0 32
-10.0 18
10.0 96
-10.5 75
11.0 1
-11.0 71
12.0 93
13.0 6
13.5 9
-16.5 70
18.0 49
19.0 66
21.5 67
-23.5 68
-26.0 97
27.5 58
-28.0 88
-32.5 44
-32.0 45
35.5 27
-41.5 28
-42.0 62
42.0 74
-46.0 56
50.5 50
-53.0 21
-55.0 72
55.5 86
-57.5 23
-64.5 33
79.5 25
76.5 65
77.0 95
0.5 31 35 37 64 92
1.0 13 16 61 69
-1.0 91
1.5 19 38 41 78 90 99
-1.5 53 60
