2.0 5 13 20
-2.0 12 41 54 80
0.0 16 29 35 40 58 74 91
-2.5 8 21
2.5 38 90
-3.0 1 48
3.0 47 55 57 98
-3.5 0 2 39 43 88
3.5 34 44 97
4.0 11 36 42 94
-4.0 53 72
4.5 22 87 96
-4.5 23 37
-5.0 46 52
5.0 82
5.5 30 33
-5.5 77
6.0 15 79
-6.0 62 86
6.5 60 95
-7.5 70
-8.0 26
8.5 84
-9.5 6 19
10.5 64
-11.0 14 66
11.0 71
12.0 28
13.0 69
14.5 4
-14.5 9
-16.5 68
-17.0 56 59
21.5 32
22.0 49
23.5 51
-23.0 83
25.0 85
27.0 99
-28.0 24
-31.0 17
-32.0 76
-34.5 73
-37.0 27
43.0 10
-43.0 89
50.0 50
-52.0 67
57.5 75
-59.0 45
64.0 7
-65.0 63
-0.5 31 92 93
1.0 3 25 65 78
-1.0 61
-1.5 18
1.5 81
