2.0 12 24
0.0 15 39
-2.0 17 60 79
-2.5 7 20 40 46
2.5 36 69 89 99
-3.0 14
3.0 43
-3.5 5 55 81
3.5 47 57
-4.0 31 80
4.0 94
-4.5 2 83 98
4.5 22 48
-5.0 3 82 85
5.0 8 41
-5.5 76
5.5 87
6.0 34 54
-6.0 51 75 84
6.5 10 29 96
-7.0 4
7.5 26
8.5 1
-9.0 18
9.0 32 93
-9.5 71
9.5 77
10.0 63
-10.5 42
12.0 9
-12.0 70
16.5 49
18.5 66
19.5 6
-23.0 68
24.5 67
26.5 58
-28.0 97
-29.5 88
-31.5 45
-33.5 44
36.0 27
39.0 74
-41.0 62
-43.0 28
-47.0 56
48.0 50
-48.0 72
-53.5 21
52.5 86
-59.0 23
-65.0 33
77.0 25
78.0 65
80.5 95
-0.5 30 91
0.5 37 52 59 64 73 92
1.0 0 16 38 61 90
-1.0 11
-1.5 13 35 53
1.5 19 78
