2.0 8 12
0.0 15 38 39 90
-2.0 20 46
-2.5 7 17 31 40 60
2.5 89
3.0 43 69
-3.5 0 5 55 75
3.5 36 47 59
4.0 1 2 34 48 57 87 94
-4.0 35 80 83
-4.5 13 51 52 76
4.5 22
-5.0 14 85
-5.5 3
5.5 99
6.0 10
-6.0 82
6.5 29
-6.5 42 71
7.0 54
-7.5 4
8.0 41
-8.5 18 84
8.5 32
-9.0 70
9.0 93
9.5 26
10.5 63
-12.0 98
13.0 9
14.0 77
16.5 66
19.0 67
21.5 49
-21.0 68
27.0 6
27.5 58
-31.0 97
33.0 27
-32.0 88
-34.0 45
-38.5 28
38.5 74
-40.0 62
-42.5 44
43.0 50
-44.0 56
-48.5 72
-54.5 21
55.0 86
-56.0 23
-63.5 33
74.5 25
80.5 65
83.5 95
-0.5 30 91
0.5 37 64 73 92
1.0 16 19 61
1.5 11 24 78 96
-1.5 53 79 81
