-2.0 0 7 17 53 79
2.0 12
0.0 15 39 92
2.5 2 87 89
-2.5 20 40 71
3.0 43 47
-3.0 51 60
-3.5 5 55 75 96
3.5 36 69
4.0 48 57 94
-4.0 80 83 85
4.5 22
-4.5 52
5.0 10
-5.0 76
-5.5 3 35
6.0 11 59
-6.0 70
6.5 8 29 93
-6.5 14 82
-7.0 84
7.0 99
-7.5 18
7.5 32 54
-8.0 13
-8.5 4 42
9.5 26
10.0 41
-10.0 98
11.0 9 63
15.0 66
16.5 67
18.5 49
-18.0 68
18.0 77
26.0 27
26.5 58
29.5 6
-31.5 97
-33.0 88
35.0 74
-39.5 45 56
-41.5 44
42.5 50
-44.0 62
-47.0 72
52.5 86
-55.5 21
-54.0 23
-58.0 33
75.0 25
81.0 65
81.5 95
0.5 24 34 37 61 64 73
-0.5 28 30
-1.0 1 31 38 91
1.0 16 19 81
-1.5 46 90
1.5 78
