-2.0 7 17 20
2.0 12
0.0 15 24 28 37 39
2.5 8 89
-2.5 40 90
3.0 36 43 47 69 81
-3.0 55 75
3.5 10 31 48
-3.5 34 83 84
-4.0 5 60 80
4.0 94
-4.5 1 52
4.5 22 57
-5.0 76 85
-5.5 3
-6.0 70
-6.5 14 18 82 96
6.5 29 32 99
-7.0 35 42
7.5 54
8.0 93
8.5 59
-9.0 4 98
9.0 11 66
-10.5 13
10.5 26 41
11.5 63
14.0 9
14.5 67
-16.5 68
18.5 58
22.5 49
26.0 27 77
-27.0 97
-29.5 88
-30.0 56
31.5 6 74
-39.0 45
-42.0 44
43.5 50
-42.5 72
-46.0 62
48.5 86
-51.0 23
-57.5 21 33
76.0 25
82.0 95
84.5 65
0.5 0 61 64 73 87
-0.5 30 91 92
1.0 16 71
-1.0 46 51
1.5 2 19 78
-1.5 38 53 79
