-2.0 7 20 40
2.0 12
0.0 15 39 51
-2.5 0 17 38 83
2.5 10 89
3.0 36 43 47 48 71
-3.0 90
-3.5 5 55 75
3.5 99
4.0 8 22 94
-4.0 52 80
4.5 57
-4.5 60 85
-5.0 18 42 76
5.0 32 81
-5.5 3 14
-6.0 1 82
6.5 29
-6.5 96
7.0 54
-7.5 34
-8.0 35 70
8.5 66 93
-9.0 4
9.5 11 41 63
10.5 31 59 67
11.0 26
-11.0 98
-12.5 13
-14.0 68
15.5 9
18.0 58
-23.0 88
-24.5 97
-25.5 56
26.5 27 77
30.0 6 74
31.5 49
-41.0 45
-41.5 62
41.5 86
-42.0 72
-45.0 23
-44.5 44
50.0 50
-56.0 33
-62.5 21
74.5 25
78.0 95
81.0 65
0.5 2 61 64 73
-0.5 28 30 84
1.0 16 37 69
-1.0 24 46 87 91
1.5 19 78
-1.5 53 79 92
