0.0 2 15 26 39
2.0 10 12 19 36
-2.0 17 24 53 83
-2.5 3 7 20 40 87 92
2.5 48 89
-3.0 0 38
-3.5 1 5 14 55 96
3.5 32 43 47 71 94
-4.0 18 52 80 90
4.5 22 57
-4.5 75
5.0 66 67
-5.0 85
-5.5 60 76 82
6.0 29 54 81
7.0 41
-7.0 70
7.5 63
-9.0 4 35 69
9.0 8
9.5 11
-10.0 34 42
10.5 31
-10.5 68 98
12.0 59
-13.0 13
14.0 93
17.5 58
18.0 9
-19.5 56
-22.0 88
23.0 77
24.5 27
-29.5 97
30.0 6
33.0 49
35.0 74
39.5 86
-41.5 44
-43.0 23
-42.5 45
-46.0 62 72
-55.0 33
56.0 50
-63.5 21
74.5 25
73.5 65
76.0 95
-0.5 28 30 46 91
0.5 64 73
1.0 16 51 61
-1.0 84
1.5 37 78 99
-1.5 79
