2.0 12 48 84 99
0.0 15 39
-2.0 17 20 53
-2.5 7 40
2.5 10 19 32 89
-3.0 0 18 24
3.0 43
-3.5 5 26 38 55
3.5 41 47
-4.0 52 80 87 92
4.0 94
4.5 3 22 57
-4.5 75 82 90
5.0 54
-5.0 76 85
5.5 29 66
-6.0 60
6.5 81
-7.5 98
-8.0 70
-8.5 4
9.0 8
-9.0 35 69
-9.5 68
-10.5 34
11.5 11
-12.0 13
12.0 59
-12.5 42
12.5 93
14.5 9
15.0 58
15.5 31
-16.5 56
22.5 27 77
-22.5 88
-30.0 97
31.0 6
34.0 49
34.5 86
37.5 74
-39.5 45
-40.5 23
40.0 65
-41.0 72
-43.5 44
-44.0 62
54.0 50
-57.5 21 33
73.0 95
76.0 25
0.5 1 61 64 67 73
-0.5 2 14 28 30 46
1.0 16 36 37 51 96
-1.0 91
1.5 63 71 78
-1.5 79 83
