2.0 3 12
0.0 15 28 36 39 41 63
-2.5 0 7 17 20 26 40
2.5 14 89
3.0 43
-3.0 55
-3.5 5 24 38 65 75 82
3.5 10 19 47
-4.0 52 80
4.0 54 94
4.5 22 57 66 84 99
-4.5 85
-5.0 76 87 90 92
5.5 29
6.0 1
-6.0 98
6.5 8 81 96
-7.0 60
-8.0 4
-8.5 35 69
-9.5 34 68 70
-10.0 13
10.5 58
-10.5 67
11.0 59
-13.5 56
14.0 9 93
-14.5 42
15.5 11
21.5 31
22.0 77
23.5 6
-24.0 88
26.0 27
32.5 74
-32.5 97
35.0 49
-35.5 72
37.5 86
-39.5 23
-45.5 62
-46.0 44 45
50.5 50
-56.0 21
-58.5 33
71.5 95
76.5 25
-0.5 2 30 83
0.5 51 61 64 73
1.0 16 32 37
-1.0 46 91
-1.5 18 53 71 79
1.5 48 78
