0.0 2 15 28 30 32 39
2.0 12
-2.0 20 40 53 82
-2.5 0 7 17
2.5 54 89
3.0 8 43
-3.5 5 38 41 55
3.5 47
4.0 19 94
-4.0 24 80
4.5 22 84
-4.5 52
5.0 10 14 29 57
-5.0 76 85 90
5.5 66 81
-5.5 71
-6.0 68 87 92
-7.0 4 13
7.0 99
-7.5 34 35 60 75
-8.5 69 98
9.5 1 59
10.0 96
11.0 9
-13.0 56
13.0 93
-14.0 67 70
14.5 11
17.0 6
18.5 77
19.0 31
-19.0 42
24.5 27
-26.5 88
29.5 74
-30.0 97
-33.0 72
-35.5 23
35.5 49
40.5 86
-47.5 44 45
46.0 50
-48.5 62
-57.5 21
-61.5 33
73.5 95
76.0 25
-0.5 18 51 91
0.5 37 48 61 64 73 83
-1.0 3 26
1.0 16 63
-1.5 36 58 79
1.5 46 65 78
