-2.0 7 17 20 51
2.0 12
0.0 15 30 39 48
-2.5 0 36 40
2.5 89
-3.0 38 66
3.0 43
-3.5 5 34 55
3.5 47
-4.0 13 26 75 80
4.0 29 81 93 94
4.5 19 22
-4.5 24 52 85
5.0 8 57
-5.0 68 76 90
5.5 65
-6.0 4 35
6.0 10
-6.5 41 87 92
7.0 14 99
7.5 59
-7.5 98
-8.0 60 69
-9.0 71
-9.5 45
10.5 1
11.0 96
11.5 84
12.0 6
-13.5 56
-14.0 67
14.5 11
15.0 31
16.5 9
-16.5 70
22.5 77
-23.5 42
26.5 27
-26.0 88
-26.5 97
-35.5 23
34.0 74
-36.5 72
38.0 49
40.5 50
45.0 86
-47.0 44
-48.0 62
-55.5 21
-62.5 33
75.5 95
77.0 25
0.5 18 37 61 64 73
-0.5 28 32 46 58 82
1.0 2 16
-1.0 3 63 79 91
-1.5 53
1.5 54 78 83
