0.0 3 16 25 35 40 93
-2.0 8 12 41 54
2.0 78 90
-2.5 1 21 80
3.0 11 44 57 98
-3.5 0 39 48 58
3.5 34 38 47 82
-4.0 43
-4.5 2 23 46 53 77
4.5 22
-5.0 72 88
5.0 79
5.5 36
-5.5 65
6.0 15 30 55 71 96
6.5 42
-6.5 52
-7.0 26 70
7.5 60 69
-7.5 86
8.0 33
8.5 84
9.5 87
-10.0 19
-11.0 62
11.0 95
-12.0 6 66
-12.5 14
-13.5 59
-16.0 56
17.5 49
-18.5 68 83
-19.0 9
19.5 28
21.5 32
21.0 85
22.5 51
-24.0 24
-30.0 27
-30.5 73
30.0 99
-32.5 17
-32.0 76
43.5 10
-42.0 89
51.5 50
50.0 75
-53.0 67
-62.5 45
64.5 7
-65.5 63
-0.5 29 31 92
0.5 37 64 74
1.0 5 91
-1.0 18 61
-1.5 4 97
1.5 13 20 81 94
