2.0 12 81 83
0.0 15 39 73
-2.0 20 38 53 79
-2.5 0 3 7 17 40 63 98
2.5 2 89
3.0 43
-3.0 75
-3.5 5 36 51 55 66
3.5 29 47
-4.0 52 80
4.0 94
4.5 22 59 93 99
-4.5 35 90
-5.0 4 24 76 85
5.0 8 19 57
-6.0 46 68
6.5 10 65
-6.5 87
-7.0 92
7.5 14
-7.5 26 41
-8.0 69
-8.5 60
9.0 1 96
-9.5 45
-10.5 71
-12.0 56
-12.5 70
-14.5 67
16.5 31 84
17.0 6
-18.5 42
19.5 11
20.5 9
-22.5 97
24.5 77
-26.5 88
28.0 27
-35.5 23
34.5 50
-41.0 44
41.5 49
-40.0 72
42.0 74
-51.0 62
50.5 86
-53.5 21
-60.5 33
74.0 95
78.0 25
-0.5 30 58 91
0.5 34 37 61 64
-1.0 13 28 32 48
1.0 16 54 82
1.5 18 78
