2.0 12 18 68 89 99
0.0 15 39 42
-2.0 17 20
-2.5 0 7 35 40 63 98
2.5 8 82
3.0 29 43 65 75 83 97
3.5 2 34 47 93
-3.5 4 5 55 90
-4.0 66 80
4.0 94
4.5 1 22 57 96
-4.5 36 52 85
-5.0 24
5.5 19
-5.5 51 76
-6.0 3 26
6.5 10
-6.5 46 87
7.0 14
-7.5 41 69 92
-9.0 56 60
-9.5 45
-10.5 71
-11.0 70
11.5 84
15.0 31
16.5 11
17.5 77
20.0 6 9
-20.5 67
24.5 27
32.5 50
-34.0 88
-36.5 23
38.0 49
-43.5 72
42.5 74
-45.5 44
-49.5 62
-53.0 21
54.0 86
-60.5 33
75.0 95
78.5 25
-0.5 28 30 32 81
0.5 54 58 61 64 73
1.0 16 37
-1.0 91
1.5 13 59 78
-1.5 38 48 53 79
