-2.0 4 20 65
0.0 15 32 39 73 98
2.0 80 89
-2.5 0 7 40 41 48 81
2.5 18 29 93
3.0 13 43 47 97
-3.0 55 90
-3.5 5
3.5 82 94
4.0 83
4.5 22 57 58
-4.5 52
5.0 2 14
-5.0 24 76 85
5.5 10 19
-5.5 36 87
6.0 34
-6.0 63
-6.5 3 69
-7.0 51
-7.5 56 92
7.5 68 75
-8.0 71
-9.0 45 60
9.5 84
-10.0 66
-10.5 46
-11.0 26
11.5 11
12.0 9
-13.5 70
14.0 31 77
21.5 6
-24.5 67
-31.5 88
33.0 27
32.5 50
-37.0 23
38.5 49
40.0 74
-44.0 44
-44.5 62
-49.0 72
52.5 86
-57.0 21
-58.5 33
79.0 95
82.5 25
-0.5 1 35 38 42 96
0.5 64
1.0 8 16 37 54 61
-1.0 28 30 91
1.5 12 78 99
-1.5 17 53 59 79
