2.0 12 29 35 41
-2.0 20 40 53 90
0.0 39
-2.5 0 7 78
2.5 8 14 80 89 97
3.0 13 18 47
-3.0 48
3.5 43 99
-3.5 55 59
-4.0 5 56
4.0 10 93 94
-4.5 1 24 52 71 81 87
4.5 22 57 82
-5.0 76 85 96
5.0 83
5.5 19
6.0 2
-6.0 36 63 65 69
6.5 34
-7.0 3 92
7.0 58
8.0 31
-8.0 51
-9.0 45 60
9.0 68
12.0 9 11
-12.0 33 70
-13.0 26
14.0 77 84
-14.5 23 66
-15.0 46
16.0 75
20.5 6
-26.0 67
-31.0 88
35.0 27
36.0 49
37.0 50
38.0 74
-43.0 44
-45.0 62
51.0 86
-55.5 72
-62.0 21
78.0 25
79.5 95
-0.5 4 28 30 42
0.5 15 32 38 61 64 73 98
1.0 16
-1.0 91
-1.5 17 79
1.5 37 54
