2.0 12 37
0.0 15 39 73 93
-2.0 17 20 53
-2.5 0 7 40 78
2.5 10 54 80 89 97
3.0 18
-3.0 55
-3.5 5 87 98
3.5 33 35 43 47
-4.0 24 48
4.0 94
4.5 22
-4.5 52 85
5.0 8 11
-5.0 59 76
5.5 19 34 82 83
-5.5 69
-6.0 1 3 36 81 92
6.0 99
7.0 2
-7.0 96
-7.5 65
-8.0 23 63
8.0 31
-8.5 45
-9.0 51 60
-10.0 70
10.5 68
-11.5 26
11.5 58
-15.0 46
15.0 77
17.0 9 84
-18.0 66
19.5 75
-21.5 67
26.5 6
-26.5 88
33.0 49
35.0 27
37.5 50
-41.0 44
40.0 74
-42.5 62
53.0 86
-55.0 72
-63.5 21
78.0 25
78.5 95
-0.5 14 28 57 79
0.5 41 61 64
1.0 4 16 38
-1.0 30 42 71 90 91
1.5 13 29 32
-1.5 56
