2.0 4 10 12 38 71 80
0.0 15 39
-2.0 20 87
-2.5 7 17 40 78
2.5 11 37 89
-3.0 0
3.0 18 32 34 43 97
-3.5 5 14 24 41 55
3.5 8 33 47 54 94
-4.0 1
4.5 22 68
-4.5 52 69
5.0 19
-5.0 23 48 76 85 92
5.5 35
-5.5 59 65 96
-6.0 36
6.0 82
-6.5 81
6.5 83
7.0 31 99
7.5 2
-8.0 45
-9.0 51 60
-10.0 26 70
-12.0 63
12.0 77
12.5 58
-16.0 46
-18.5 67
20.0 75
-21.0 66
23.0 84
-24.0 88
25.5 9
29.5 6
39.0 27
38.5 49 74
42.5 50
-42.5 62
-46.0 44
-52.0 72
54.0 86
-64.0 21
76.5 25
81.0 95
-0.5 28
0.5 56 64 73 90
-1.0 13 30 91 98
1.0 16 29 61
1.5 3
-1.5 42 53 57 79 93
