-2.0 7 17 40 42 53
2.0 8 10 12 38 80
0.0 15 32 39 73 87
-2.5 0 20 78
2.5 18
3.0 3 37 89 97
-3.0 24
3.5 4 33 43 47 71
-3.5 11 55
-4.0 5 13 69 92 93
4.0 31 56 94
4.5 19 22 68
-4.5 41 52
5.0 54
-5.0 59 76 85
-5.5 14 23 36
5.5 82 99
-6.0 48
6.5 35
-6.5 81
7.0 83
-7.5 45
8.0 2
-8.5 51 60
9.0 77
-10.0 26
-10.5 70
-14.0 63
15.0 58
-20.0 46
-22.5 67
-23.0 66
-23.5 88
25.5 84
26.5 75
27.5 9
31.0 6
37.5 27 74
-39.5 62
42.5 50
-44.5 44
47.0 49
48.5 86
-51.0 72
-58.0 21
77.5 25
78.5 95
0.5 1 29 61 64
-0.5 28 30 65 91
1.0 16 90
-1.0 34
1.5 57
-1.5 79 96 98
