2.0 12 18 38 80 90
0.0 15 39 73
-2.0 17 20 24
-2.5 0 7 40 41 42 78
2.5 8 89 99
3.0 10 57 71 97
-3.0 69 92
3.5 3 37 43 47 96
-3.5 5 55
4.0 19 33 94
-4.0 52 59
4.5 4 22 65
-4.5 85
-5.0 23 34 36 76
5.5 1 56 82
6.0 31 54
-6.0 81
-6.5 11 14 48
6.5 77
-7.0 13 45 98
7.5 35 68 83
-7.5 51
8.0 2
-8.0 60
-8.5 93
-11.0 70
-11.5 26
-17.5 63
18.0 58
-19.0 46
-22.5 88
23.5 75
24.0 9
-25.5 66
25.0 84
-26.5 67
32.0 6
33.5 74
37.5 27
38.0 50
-39.5 62
-43.0 44
-46.0 72
46.5 86
49.0 49
-55.0 21
70.0 95
74.0 25
-0.5 28 30
0.5 29 61 64
1.0 16 32
-1.0 91
-1.5 53 79
1.5 87
