0.0 15 28 29 39 71 73
-2.0 17 59 79 92
2.0 89
-2.5 7 20 40 42 69 78
2.5 56 57 90 97
-3.0 0
3.0 43 87
-3.5 5 55
3.5 19 33 47
4.0 32 37 94
-4.0 36 52
4.5 3 10 22 31 77 82
-4.5 81
-5.0 76 85
5.5 4
-5.5 98
-6.0 51 93
6.5 8 65
-6.5 14 23 45
7.0 54
7.5 2
-7.5 48 60
-8.0 34
8.0 35 83 96
9.5 1
-10.0 13
10.5 68
-11.0 70
-11.5 11
-14.5 26
-15.0 63
-15.5 46
-19.5 88
-21.5 66
22.5 58
-22.5 67
24.5 75
27.5 9 84
28.5 74
31.0 6
37.0 50
39.0 27
-41.5 62
-43.0 44
45.5 86
47.0 49
-48.0 72
-53.5 21
70.0 95
74.0 25
-0.5 30
0.5 41 64
1.0 16 61
-1.0 24 91
1.5 12 18 38 80 99
-1.5 53
