0.0 15 28 29 39 57
-2.0 20 53 79
2.0 31 41
-2.5 0 7 17 36 40 78 81
2.5 19 89 99
-3.0 42 93
3.0 43 90 97
-3.5 5 55 71
3.5 77 82
4.0 33 94
-4.0 51 52
4.5 22 37
-5.0 14 76
5.0 65 87
5.5 8
-5.5 85
6.0 3 10
-6.0 45
6.5 2 4 32
-7.0 60
7.5 35 54
-8.0 48
8.5 83
-10.0 34
-10.5 70
11.0 1 68 96
-11.0 63
-11.5 11
-12.0 13 23
-16.0 26
-17.5 46
18.5 58
-18.0 67
-20.0 88
21.5 9
-23.0 66
24.5 75
27.5 6
28.0 50
30.0 84
31.0 74
38.5 27
39.5 86
-44.0 44
45.0 49
-46.5 62
-46.0 72
-52.0 21
66.5 95
79.0 25
0.5 18 64 73
-0.5 24 30 47 91
1.0 16 38 59 61
-1.0 56 92 98
1.5 12 80
-1.5 69
