-2.0 8 12 41
2.0 11 91
0.0 16 35 40
-2.5 1 21
2.5 57 90
3.0 4 44 98
-3.0 39 48
3.5 34 47
-3.5 94
-4.0 0 46 53 80
4.0 38 69
4.5 22
-4.5 23 26 43
-5.0 72 77
-5.5 2 97
5.5 71
6.0 15 30
-6.0 65 88
-6.5 70
7.0 36 79 96
-7.0 58 86
7.5 60
-8.0 52
8.5 84
9.5 33
10.0 42
-10.0 59
-10.5 19
-11.5 6
11.5 55 87
-12.5 14 66
13.0 49
-13.0 56 62
13.5 95
-17.0 83
18.0 85
19.5 28
19.0 32
-21.0 68
-24.5 9
24.5 51
-27.0 24
-28.5 27
-29.5 76
-32.0 17
-33.0 73
34.5 99
-38.5 89
47.0 10
46.0 75
52.0 50
-55.5 67
67.5 7
-65.0 45
-67.5 63
-0.5 3 5 29 92
0.5 37 64 74 93
-1.0 18 25 31
1.0 81
1.5 13 20 78 82
-1.5 54 61
