-2.0 7
0.0 15 29 30 38 39 92
2.0 19 89 93
-2.5 0 14 20 40 51 78
2.5 82 97
3.0 43
-3.0 47
-3.5 5 42 55
3.5 33 59 90
-4.0 57
4.0 94
4.5 22 31 37
-4.5 52
5.0 3
-5.0 85
5.5 2 99
-5.5 45 76
-6.0 60 98
6.5 10 87
-6.5 70
7.0 4 35 77
-7.0 71
7.5 54
-8.0 11
-8.5 23 48
8.5 32 83
9.0 1
-10.5 34
10.5 96
-11.0 63
-12.0 67
-13.0 13
-14.0 26
15.5 9 68
-18.5 46
19.0 58
-21.5 66 88
24.5 50
25.0 75
29.5 6
32.5 74 86
34.0 27
35.0 84
-43.0 44
-46.0 21
46.5 49
-47.0 72
-52.5 62
65.0 95
81.0 25
-0.5 18 56 69 81 91
0.5 24 61 64 65 73
1.0 16 41 80
-1.0 28 79
1.5 8 12
-1.5 17 36 53
