2.0 3 8 12 81
0.0 14 15 39 41 69 73
-2.0 53
-2.5 7 20 40 78
2.5 89
-3.0 0
3.0 43 90 97
-3.5 5 47 55
3.5 93
4.0 2 33 94
-4.0 42
4.5 22
-4.5 45 52 70 85
5.0 1 31 37
-5.0 23 65
-5.5 60 76
6.0 35 77
6.5 10 59
7.0 54 99
7.5 4 87 96
-7.5 57
8.5 83
-8.5 98
-9.5 34 48
10.0 32
-10.0 71
-10.5 63
-11.0 67
-12.0 13
-12.5 26
-14.0 11
14.5 9
-15.5 88
18.0 58
-19.5 46
-20.0 66
21.0 68
25.5 75
26.0 50
27.0 6
27.5 86
32.5 74
35.5 27
37.5 84
-42.0 72
-45.0 21
45.0 49
-48.5 44
-55.5 62
63.5 95
80.5 25
-0.5 28 36 38 91
0.5 29 61 64 92
1.0 16 80 82
-1.0 17 30 51 56
-1.5 18 79
1.5 19 24
