-2.0 7
2.0 8 12 24 89 96
0.0 14 15 28 39 41
-2.5 0 3 18 20 40 78
2.5 2 70 97
-3.0 47 55
3.0 90
3.5 33 43
4.0 22 35 81 94
-4.0 45
-4.5 42 52 60
5.0 37
-5.0 76 85 98
5.5 10 77
-6.5 34
6.5 54 99
7.5 4
-7.5 65
8.5 83 87
9.0 59
-9.5 63
-10.0 48 57
-10.5 13 67
10.5 32
-11.0 71
13.5 58
14.5 9
-15.0 88
-15.5 11
-16.0 26
-21.5 66
-22.5 46
23.0 86
25.5 50
25.0 68
26.0 75
29.5 6
35.0 27
-35.0 72
37.0 74
38.5 84
45.0 49
-47.5 44
-48.0 21
-58.0 62
67.0 95
80.0 25
-0.5 1 82
0.5 29 51 61 64 73 80 92
1.0 16 31 36 69
-1.0 23 30 91 93
-1.5 5 17 38 53 56 79
1.5 19
