2.0 12 36 90
0.0 15 28 39 80
-2.0 17 31 53 82 93
-2.5 0 7 20 34 38 40 47 78
2.5 35 89
3.0 24 43 97
-3.0 55 96
3.5 33 41 99
-3.5 45
-4.0 18 60
4.0 94
-4.5 1 42 52
4.5 10 22 37 70
-5.0 23 85
5.5 54 81
-5.5 76
-6.5 65
7.0 4
-8.0 13
8.0 56
8.5 83
9.0 58 77
-9.5 11 71
9.5 32 87
-10.5 48
-11.0 57
11.0 59
-11.5 63
-13.5 67
-14.5 88
15.5 9
-16.5 26
-17.5 46
-22.0 66
22.5 86
25.5 68
25.0 75
27.0 50
29.0 27
32.5 6
-32.0 72
35.0 84
38.0 74
42.0 49
-46.5 44
-52.0 21
-54.5 62
67.0 95
87.0 25
-0.5 3 91
0.5 14 64 73 92
1.0 5 16 19 29 51 61
-1.0 30 98
1.5 2 69
-1.5 8 79
