2.0 3 12
-2.0 7 79
0.0 15 28 39 80
-2.5 0 20 40 65
2.5 36 69 89 97
3.0 10 43
-3.0 38 45 47 60 78 98
-3.5 23 31 55 82
3.5 24 33
4.0 22 54 94
-4.0 52
-4.5 8 13
4.5 37
-5.0 18 42 85
-5.5 76
-6.0 1 96
-6.5 71
6.5 81
7.0 4
7.5 32 58
8.0 77 83
9.0 59
-9.5 57
9.5 87
-10.5 11
-11.0 46 48
-11.5 63
-14.0 67 88
15.5 9
-17.5 26
19.0 56
22.5 68
23.0 27
24.5 86
26.0 75
-27.0 66
-27.5 72
28.0 84
31.5 6
31.0 50
33.5 74
42.0 49
-44.5 44
-50.5 21
-52.5 62
62.0 95
90.5 25
0.5 2 5 35 64 73 92
-0.5 70
1.0 16 19 51 61
-1.0 30 41 91
1.5 14 29 34 90 99
-1.5 17 53 93
