0.0 2 15 39 70
-2.0 7 20 35 45 85
2.0 10 12 14 29 89 99
-2.5 0 40 41 60 78
2.5 65 97
3.0 36 43 54 69
-3.0 55 71
3.5 24 33
-3.5 38 47
-4.0 1
4.0 37 58 94
4.5 22 34
-4.5 23 52 82
5.0 32 59
-5.0 42
-5.5 76 98
6.0 4
-6.0 18
-6.5 57 96
6.5 77 81
-7.0 8 11
8.0 83
-8.5 46
9.5 87
-11.0 48
-13.0 63
-14.5 88
-16.5 67
17.0 9
-21.0 26
21.0 68
22.0 27 84
22.5 56
24.5 86
27.0 6 75
-27.0 66
-29.5 72
37.0 74
-38.5 44
39.0 50
46.0 49
-51.0 62
-53.0 21
63.5 95
93.0 25
0.5 3 5 51 64 73 90
-0.5 28 30 31 80 92
1.0 16 61 93
-1.0 91
-1.5 13 17 53 79
1.5 19
