0.0 1 15 39
2.0 10 12 54 58
-2.0 20 60 70
-2.5 0 7 40 57 78
2.5 29 32 89
3.0 14 97
-3.0 47 55
3.5 36 37 43 69 94
-3.5 38
-4.0 11 35 96
4.0 24 33
4.5 3 22 99
-4.5 41 52
-5.0 23 76
5.5 4
-5.5 42 82
6.0 65 77 81
6.5 34 59
-7.0 98
-7.5 18
7.5 83
9.0 87
-11.5 48
-12.5 46
-13.5 8
-14.5 63
-18.5 88
19.5 9
-20.5 67
-22.0 26
22.5 86
23.5 6 68
23.0 27
24.5 75
24.0 84
26.5 56
-33.5 44
33.5 95
-34.0 66
-36.5 72
36.5 74
42.5 50
45.5 49
-52.0 62
-54.5 21
95.5 25
-0.5 2 28 51 90
0.5 64 71 73
1.0 5 13 16 61
-1.0 30 80 91
-1.5 17 31 45 53 79 85 92 93
1.5 19
