-2.0 0 7 20 23 53
0.0 15 28 32 39 61
2.0 19 97
2.5 10 13 31 43 89
-2.5 40 51 78 92
3.0 37 71 93
-3.0 47 55
3.5 14 29 33 36
-3.5 38
4.0 4 24 58 69 94
4.5 22
-4.5 52
5.0 1 81
-5.0 76
-5.5 35 42
6.0 65 95
-6.0 82
6.5 34 83
7.0 3 99
7.5 59
-7.5 98
-8.0 18
8.5 87
-9.5 46
-10.0 41
-12.0 48
-14.0 8
15.0 9
-16.0 67
-17.0 63 88
20.0 6
21.5 75
23.0 68 86
25.0 27
-27.0 26
27.5 84
28.0 56
-32.0 44
32.0 74
-38.5 66
-38.0 72
40.5 49
42.0 50
-45.5 62
-58.5 21
100.0 25
-0.5 2 30 91
0.5 5 11 57 64 73 85 96
1.0 16 54
-1.0 17 77 80
1.5 12 70
-1.5 45 60 79 90
