0.0 2 11 15 39 73
-2.0 7 20 32 40
2.0 12
-2.5 0 78 90
2.5 19 37 57 65 89 97
3.0 4 13 36 43 81
-3.0 38
3.5 33 71
-3.5 47 55 92
4.0 10 24 29 94
-4.0 51
4.5 14 22 69 95
-4.5 52
-5.0 23 76
5.0 34
-5.5 42 77
6.0 83 96
-6.5 82 98
6.5 85
-7.0 35
7.0 59 99
7.5 58 87 93
8.5 70
9.0 1
-9.0 18
-10.5 46
-12.0 41 48
-12.5 67
-13.0 88
-15.5 63
16.5 3
-16.5 8
17.0 68
18.0 9
20.5 75
22.5 6
24.5 86
25.0 27
-28.0 26
29.5 56
29.0 84
33.5 74
-34.5 44 72
-39.5 66
41.0 49
42.0 50
-43.5 62
-56.5 21
98.5 25
0.5 5 54 64
-0.5 91
1.0 16 31 61
-1.0 28 30 45 60 79
-1.5 17 53 80
