2.0 12 13 34 36 37 71
0.0 15 31 39 73
-2.0 40
-2.5 0 7 20 38 78
2.5 57 89 95
-3.0 32 47 65
3.0 43 97
3.5 19 24 33
-3.5 55 90
-4.0 23 82
4.0 94
4.5 29 99
-4.5 52 76 92
5.0 14 69 83
5.5 10
-5.5 42
-6.0 51
6.0 59 87
8.0 85
-8.5 35
-9.0 41 46
-9.5 18 98
9.5 96
-10.0 77
10.0 93
10.5 70
11.0 1
-12.0 48
12.0 58
-12.5 63
-15.5 88
-16.0 67
17.0 68
-18.5 8
19.0 75
20.0 9
21.5 56
23.0 3 86
24.5 6
25.0 27
-29.5 26
-29.0 72
29.5 84
-34.5 44
37.5 50
-36.5 62
-38.5 66
41.0 74
45.0 49
-52.5 21
98.0 25
0.5 5 61 64
-0.5 11 28 45
1.0 2 16 54 81
-1.0 30 60 91
1.5 4 22
-1.5 17 53 79 80
