-2.0 5 8 12 21 25 26 41 61
2.0 13
0.0 16 35 40
-2.5 39
2.5 57 90 91 98
-3.0 46 48 72 94
3.0 47
3.5 34 44
-4.0 0 80
4.0 38 69
4.5 22 79
-4.5 23 43 53
-5.0 77
6.0 15
-6.0 70
-6.5 2 88
6.5 30 60 87
7.0 55 96
-7.0 97
7.5 36 71
-7.5 59
-8.0 86
8.5 4 84
-9.0 52
10.0 49
-10.0 58
-10.5 6 19
10.5 33
-11.5 14
-12.0 62
12.5 32 42
-13.0 66
14.0 95
-15.0 56
15.5 85
19.0 28
-19.0 83
-20.5 68
-21.0 45
-24.5 9
25.0 51
-26.5 24
-28.0 27
-33.0 17 73
-37.0 89
-38.0 76
40.0 99
47.5 75
51.0 50
-55.0 67
56.5 10
64.0 7
-72.0 63
-0.5 1 3 29
0.5 11 37 64 65 74 81 93
1.0 20
-1.0 31 82 92
-1.5 18 54 78
