2.0 2 12 99
0.0 4 15 28 39 73 95
-2.0 20 34 40 80
-2.5 0 7 78
2.5 11 23 89 97
3.0 24 43 82
-3.0 32 47
3.5 33
-3.5 55
4.0 19 59 85 94
-4.5 22 52 90
4.5 31 83 87
5.0 29 69
-5.0 76
5.5 14 70
-5.5 42 92
6.5 10
-7.0 65
-7.5 51
-8.0 63
-9.0 35 46
9.5 1
-9.5 41
-10.0 18
-11.0 77 88
11.0 96
-12.0 48
12.5 58
14.0 68 93
-15.5 67 98
-18.5 8
19.0 27 56
20.5 9
20.0 86
22.0 3
23.5 75
-25.0 26 72
26.0 84
29.0 6
-30.0 66
-33.0 44
-36.0 62
40.5 50
47.0 74
-48.0 21
51.5 49
98.0 25
0.5 5 57 64
-0.5 13 30 45 91
1.0 16 61
-1.0 60 71
-1.5 17 38 53 79 81
1.5 36 37 54
