-2.0 7 40 53 80 95
2.0 12
0.0 15 36 39
-2.5 20 78
2.5 24 54 87 89 97
-3.0 0 47 55 57
3.0 23 43 82
3.5 2 33 83
-3.5 13 81
-4.0 52
4.0 94
4.5 19 85
-4.5 22
5.0 1 69 70
-5.0 71 76 90
5.5 14 29
-5.5 42
-6.0 34
6.5 10
-6.5 46 92
7.5 58
-7.5 65
8.0 11
-8.0 41
8.5 31
-8.5 51
-9.0 35 63
9.5 96
-10.5 18
10.5 27
-12.0 48
-12.5 8
13.0 68
-14.0 77 88
-16.5 67 98
19.5 56 93
20.5 9
20.0 86
-22.5 26
22.0 84
23.5 3
-24.0 72
25.5 75
-27.5 66
-33.5 62
34.0 6
-35.5 44
35.0 50
46.5 74
-49.0 21
53.5 49
97.0 25
0.5 5 61 64 73
-0.5 28 30 38 45
1.0 16 37
-1.0 60 79 91
-1.5 4 17 32
1.5 59 99
