0.0 1 15 39
-2.0 7 40
2.0 12
-2.5 20 78 80
2.5 83 89
-3.0 0 4 47
3.0 43 97
-3.5 8 55 82
3.5 33 54 99
-4.0 22 52 95
4.0 31 94
4.5 2
-4.5 65
5.0 19
-5.0 42 81 90
5.5 69 96
-5.5 76
6.0 10 14 29 85
6.5 11
-6.5 13 46 57
-7.0 92
7.5 27
8.0 58
-8.5 35 71
-9.0 34 51
-9.5 41
10.0 68
-10.5 18 63
11.5 23
-12.0 48
14.0 93
-14.5 88
17.5 86
-18.5 77
-19.0 98
-22.5 26
23.0 9
-23.0 67
-24.5 72
24.0 84
25.5 3
25.0 56
-26.5 66
28.0 75
33.0 50
-33.0 62
-37.0 44
38.5 6
45.5 74
-49.5 21
55.5 49
97.0 25
0.5 5 32 37 38 61 64 73
-0.5 28 30 45 70
1.0 16 87
-1.0 36 91
-1.5 17 53 59 60 79
1.5 24
