-2.0 7 20 36
0.0 15 39 73 96
-2.5 0 40 78 80
2.5 89
3.0 43 97
3.5 31 32
-3.5 47 55
-4.0 1 4 22 52
4.0 33 94
4.5 54 99
-4.5 59
5.0 10 69
-5.0 42 90
5.5 19
-5.5 76
6.0 2 14 29
-6.0 95
6.5 11
-6.5 81
-7.5 35 46 92
-8.0 41
8.5 58
-9.0 51
-9.5 13 57 63
9.5 23
-10.0 82
10.0 85 93
-10.5 18 34 71
-11.5 48
13.0 27 68
18.5 86
19.0 9
-19.5 88
-20.5 26 77 98
21.0 3
-21.0 72
-24.5 66
-25.0 67
27.0 56
28.5 84
-29.5 62
30.5 75
32.0 50
-35.5 44
38.0 6
43.0 74
-54.0 21
56.5 49
98.0 25
0.5 5 8 37 61 64 65
-0.5 45 91
1.0 16 24 38
-1.0 28 30 87
1.5 12 70 83
-1.5 17 53 60 79
