-2.0 7 20 40 60 79
2.0 12 38 89
0.0 15 24 39 73
-2.5 78 80 87
-3.0 0 41 47
3.0 43 97
3.5 10 31 33 58
-3.5 36 55
4.0 94
-4.5 22 42 52 90 96
5.0 65 69 99
-5.0 76
-5.5 4
5.5 8 19
-6.0 1 35
6.0 11 14 32 54
6.5 29
-6.5 81
7.0 2
-7.0 59 95
7.5 23
-7.5 92
-8.0 51
9.0 27
-9.5 46
9.5 93
-10.0 18 63
-10.5 34 71
-11.0 57
-11.5 48
-12.0 13
-12.5 82
13.5 85
15.5 3 68
-16.5 98
19.0 9
-19.0 77
-22.5 67
22.0 86
-22.0 88
-23.5 26
-23.0 66
25.5 56
28.0 50
-28.5 62 72
30.5 75
30.0 84
-32.5 44
34.5 6
47.5 74
-48.0 21
58.0 49
101.0 25
0.5 5 37 64 83
-0.5 28 45 70 91
1.0 16 61
-1.0 30
-1.5 17 53
