-2.0 7 17 20
2.0 12 38
0.0 15 39 73 83
-2.5 0 40 60 78 80
2.5 10 89 97
-3.0 47 55
3.5 33 43
-4.0 42 87 90
4.0 94
4.5 8 21
-4.5 22 35 36 52
5.0 69 70 99
-5.5 1 76
5.5 19 23 27 58
6.0 14
-6.0 46
-6.5 4 81 96
6.5 11 29 54 65
-7.0 51 92
7.5 2
-8.0 95
8.5 32
-8.5 34 63 71
-9.5 18 59
-10.0 57
-11.0 48
-12.5 82
-13.0 13
-14.0 98
16.5 68 93
17.5 85
18.0 3
-19.0 77
-21.5 66 67
23.0 9
-23.0 26
-23.5 88
24.5 86
28.5 75
-30.5 62
31.0 50
32.0 6
33.0 56
32.5 84
-34.5 44
-34.0 72
48.5 74
61.0 49
95.5 25
-0.5 28 30 91
0.5 37 61 64
1.0 5 16 31
-1.0 24 41 45
-1.5 53 79
