-2.0 7 20 24 41 53
2.0 10 12 38
0.0 15 39 73
-2.5 0 35 40 78 80
2.5 89
3.0 27 43 97
-3.0 47 55
3.5 8 33 46
-3.5 60 90
-4.0 42
4.0 65 94
4.5 21 69 99
-4.5 22 52
-5.0 36 71 76 87
5.5 14 19 23 31
-5.5 34 51 81
-6.0 96
6.5 29
-6.5 92
-7.0 1
-7.5 4 57
7.5 54
8.0 2 58
-8.0 95
8.5 11
-8.5 18
10.0 32
-10.5 48 59
-11.5 63
-12.0 82
-12.5 13
-15.0 98
16.0 85 93
-18.5 77
20.5 3
-20.0 26
-20.5 67
20.0 68
23.5 86
25.0 9
-26.0 66
26.5 75
27.5 50
-27.0 88
35.5 6
35.0 56
34.5 84
-39.5 62
-38.0 72
-40.0 44
52.0 74
63.0 49
95.0 25
0.5 5 61 64
-0.5 28 30 91
1.0 16 37
-1.0 83
-1.5 17 45 79
1.5 70
