2.0 12 70 89
0.0 15 35 39 71
-2.0 20 83 96
-2.5 7 24 40 78 80 90
2.5 10 97
-3.0 0
3.0 27 43
-3.5 42 47 51 55 57
3.5 46
-4.0 22 60 81
4.0 33 69 94
4.5 21
-4.5 52
5.0 14 19 99
-5.0 76
-5.5 92
-6.0 36 87
-6.5 1
6.5 29
-7.0 95
7.5 31 54
8.0 2 11
-8.0 4 18 41
10.0 23 58
-10.0 48 63
10.5 32
-10.5 82
-11.0 13 59
12.0 93
-14.5 77
15.5 86
18.0 85
20.5 3
-20.5 98
-21.0 26
22.5 9 75
-23.5 67
23.0 68
-26.0 66
27.5 50
-27.0 88
34.0 56
-38.5 72
39.0 84
-44.5 44 62
46.5 6
52.0 74
65.0 49
97.0 25
0.5 8 64 73
-0.5 28 65
1.0 5 16 61
-1.0 17 30 91
-1.5 34 45 53 79
1.5 37 38
