-2.0 7 17 20 45 51 53 79
2.0 12 35 37
0.0 15 39 57 73
-2.5 0 40 80 83
2.5 34 97
-3.0 42 47
3.0 43 89 96
3.5 10 33 46 69 71
-3.5 24 55
-4.0 8 22
4.0 94
4.5 11 14 19 21 99
-4.5 52 92
-5.0 60 76
-5.5 65
5.5 70
-6.0 1 36 95
6.0 29 58
-6.5 18 87
7.0 54
7.5 2
-8.5 13
8.5 23
-9.0 4
9.5 32
-9.5 48
10.0 86
-10.5 59 63
11.0 31 93
-11.0 77 82
12.0 9
-16.5 41
19.0 3 85
21.0 75
-22.0 67 98
-23.0 26
23.0 68
-24.5 88
-28.5 66
29.0 50
33.0 56
40.0 84
-42.0 62
47.5 6
-46.5 44
-47.0 72
51.5 74
65.5 49
95.0 25
-0.5 30 78 91
0.5 64
1.0 5 16 38 61
-1.0 27 28
-1.5 81 90
