2.0 11 12 89
0.0 15 39 78
-2.0 17 20 53 79
-2.5 0 7 40 42 47 80
2.5 37 57 70 97
-3.0 45 83
3.0 69
3.5 23 43 46
-3.5 55 92
4.0 14 19 33 35 94
-4.0 22 24 95
-4.5 1 52
4.5 21
5.0 10 34 99
-5.0 13 76
-5.5 18 60
6.0 29
-6.0 36
6.5 2 54
-6.5 87
-7.0 8
7.0 25
-7.5 65
7.5 96
8.0 32
-8.5 82
-9.0 4 48 59
9.0 86
9.5 9
-11.5 63
-12.0 77
13.0 93
14.5 31 85
-16.5 41
-18.0 67
-21.5 88
-21.0 98
22.0 3
24.0 75
25.5 68
-28.5 66
-30.0 26
30.0 50
37.0 56
-39.0 62
40.5 84
-49.5 44
51.5 6
-50.0 72
55.5 74
65.5 49
0.5 27 38 61 64 73 81
-0.5 28 51 90 91
1.0 5 16 71
-1.0 30
-1.5 58
