0.0 3 16 35 37 40 74
-2.0 11 12 41
2.0 13 57 79 90
2.5 4 98
-2.5 8 21 25 46 61
-3.0 26 48 82
3.0 44 91
-3.5 0 5 45
3.5 47 69
-4.0 23 53 59 80 86
4.0 34 55
4.5 22 38 60
-5.0 43 77 97
5.0 71
5.5 15
-5.5 70
6.5 30 96
-6.5 88
-7.0 2
8.0 36
8.5 65 84
-9.0 52
-9.5 6 14
9.5 49
10.0 33
-10.5 19 62
-11.0 58
11.5 32 42
-11.5 56
-13.0 66
14.5 85
15.5 95
-20.0 68 83
23.0 28
23.5 51
-26.5 9
-29.0 24
-32.0 17
-32.5 27 73
-33.5 89
-35.0 76
41.5 99
50.5 75
52.5 50
-54.5 67
61.5 10
69.0 7
-73.0 63
0.5 1 64 81 93
-0.5 29 31 72 87 92
1.0 20
-1.0 94
-1.5 18 39 54
1.5 78
