-2.0 11 13 17 20 42 53 71 79 92 95
2.0 12 89
0.0 15 39 58
-2.5 0 7 40 80
2.5 69
3.0 14 23 37 43 57 81 97
-3.0 47 55
-3.5 1 45 83
3.5 19 33 46
-4.0 52
4.0 94
-4.5 18 22 24
4.5 21
-5.0 16
5.0 99
5.5 2 29 32 35 54
-5.5 36 76
6.0 10 93
-6.0 65
-6.5 25 59 60 87
6.5 34
7.5 9
-8.0 48
8.5 70
-9.0 4
-9.5 82
10.5 86 96
11.0 85
-12.0 8
-13.5 63
-14.5 77
15.5 31
-19.5 98
-21.5 41 88
22.0 68
25.0 50
-26.5 67
27.5 3
28.5 75
-30.5 66
-33.5 26
39.5 56
-38.5 62
40.5 84
-51.5 44
-53.0 72
54.5 74
56.0 6
67.0 49
-0.5 27 28 30 38 91
0.5 51 61 64 73 90
1.0 5
1.5 78
