-2.0 7 11 17 20 40 53 80
2.0 12 69 89
0.0 15 39 73 95
-2.5 0
2.5 14 23 97
-3.0 1 18 47
3.0 19 32 43 46
-3.5 25 55 59
3.5 33 37
4.0 2 94
-4.0 22 45 71 83
4.5 21 54 81 99
-4.5 52
-5.0 24 36 76
5.0 29
-5.5 87
6.5 10 34 93
7.0 35
-7.0 60
-7.5 48
8.0 9
-8.0 16
-8.5 4
8.5 70
9.0 56
-10.5 63
11.0 86 96
-13.5 88
-14.0 77
-14.5 8 98
14.5 85
16.0 31
-19.5 82
-20.0 41
22.0 50
-24.5 26
-25.0 67
25.5 68
27.0 75
-29.5 66
33.5 3
-36.0 62
45.5 84
-48.0 44
49.0 74
54.5 6
-55.0 72
67.0 49
0.5 13 61 64
-0.5 28 78
1.0 5 51
-1.0 30 91 92
-1.5 27 38 42 65 79
1.5 57 58 90
