-2.0 7 11 18 25 80
0.0 15 32 39
2.0 19
-2.5 0 20 38 40
2.5 13 89 90 95
-3.0 1 47
3.0 2 46 54 56 97
3.5 33 43 65
-3.5 55
-4.0 22 36
4.0 34 37 94
4.5 21 29 99
-4.5 45 52 83
5.0 9
-5.0 24 71 87
-5.5 76 78
6.0 81
6.5 10
-7.0 48
7.5 35 93
-7.5 60
-8.0 4
8.0 70 96
-8.5 16
-9.0 63
-9.5 8
-10.5 88
12.0 86
-13.5 77
14.5 85
-15.0 98
-19.5 26
20.0 31
-20.0 67
-21.0 41
21.0 68
-21.5 82
25.5 50
-26.5 66
29.5 75
35.5 3
-37.0 62
-46.0 44
46.0 74
48.0 84
57.0 6
-56.0 72
68.0 49
0.5 5 64 73
-0.5 23 27 28 58 59 92
-1.0 30 91
1.0 51 61 69
1.5 12 14
-1.5 17 42 53 57 79
