2.0 12 54 59
0.0 15 23 39 51 69
-2.0 32
-2.5 0 7 11 20 27 40
2.5 89 97
3.0 13 43 90 96
-3.0 25 36 38 47
3.5 29 33 46 56
-3.5 55 87
-4.0 1 22 52
4.0 94
4.5 21 37 95 99
-4.5 83
-5.0 24 71
5.5 10
-5.5 45 57 76
-6.0 48 63
6.5 65 81
-7.5 4 78 88
7.5 9
-8.0 16 60
8.0 35
-10.0 8
10.5 70
12.0 85
-13.0 67
-13.5 77 98
14.5 86 93
18.0 68
-19.5 26
20.0 31
-21.5 82
-23.0 41
-25.5 66
33.0 3 75
32.0 50
-41.5 44
-41.0 62
43.5 74
48.0 84
51.0 6
-56.0 72
68.5 49
0.5 5 64 73 92
-0.5 28 30 91
1.0 14 34 61
-1.0 18 42
1.5 2 19
-1.5 17 53 58 79 80
