-2.0 7 11 20 36 40 53 87 96
2.0 12 13 89
0.0 14 15 18 28 39
-2.5 0
2.5 97
3.0 29 43 46 90
-3.0 32 34 47 55 63 71
3.5 33 56
-3.5 38
4.0 10 94
-4.0 22 52
4.5 21 37 59 99
-4.5 24 83
-5.0 1 48 76
5.5 65 95
-6.0 25 27 45
-6.5 4
6.5 70 81
-7.5 16 78
8.0 35
-8.5 60
-9.0 57
-11.0 8 88
11.0 93
-13.0 98
14.0 9 86
14.5 68
15.5 85
-17.5 67
-21.5 26
21.0 31
-21.0 77
-22.5 66
-23.0 41
-24.0 82
30.0 75
33.5 3
32.0 50
-42.5 44
-42.0 62
43.5 74
43.0 84
52.5 6
-54.5 72
73.0 49
0.5 2 5 61 64 73 92
-0.5 23 42 69 91
-1.0 30 51
1.0 54
-1.5 17 79 80
1.5 19 58
