0.0 2 15 23 28 39 42
-2.0 7 11 20
2.0 12 63 89
-2.5 0 40 51
2.5 10 29 58 70
-3.0 32 47
3.0 43 90 97
3.5 33 46
-3.5 38 55
4.0 21 56 94
-4.0 22 24
-4.5 48 52 83
4.5 99
5.0 37
-5.0 76
-5.5 4
5.5 81
-6.0 1 96
-6.5 45
6.5 59 95
-7.0 16 27 34
7.0 35
-8.0 25
-9.0 60 78
9.0 93
-9.5 98
-10.0 8 88
-10.5 57
10.5 68
13.5 86
16.5 9 85
-19.5 67
-22.5 26
22.0 31
-23.5 77
-26.5 41
-26.0 82
-27.0 66
27.0 75
30.0 50
39.5 3
-38.0 44
-41.5 62
43.0 84
-47.5 72
49.5 74
57.0 6
69.0 49
0.5 5 13 64 73 92
-0.5 14 30 36 71 87 91
1.0 18 19 54 61
-1.0 53 80
-1.5 17 69 79
1.5 65
