2.0 10 12 18 29 89
0.0 15 39 42
-2.0 32 53 69
-2.5 0 7 11 13 20 40
2.5 70 71
-3.0 16 47
3.0 43 46 90
-3.5 24 38 48 55
3.5 33 63 97
-4.0 4 65
4.0 56 94
4.5 21 81 93 99
-4.5 22 51 52 83
5.0 37
-5.5 76 78
6.0 35
-6.5 96
-7.0 1 25 45
7.0 95
7.5 59
-8.0 98
-9.0 60
9.0 68
-9.5 27 34
-10.0 88
-10.5 57
12.0 86
-13.0 8
13.5 85
14.5 9
-20.0 67
21.0 31
-21.5 77
23.0 50
-24.0 26
-25.5 66
-28.0 82
29.5 75
-30.0 41
-39.5 44
-41.5 62
-40.5 72
43.5 3
47.5 84
49.0 74
51.5 6
68.5 49
-0.5 2 28 80
0.5 36 64 73 92
1.0 5 19 54 61 87
-1.0 14 23 30 91
-1.5 17 79
1.5 58
