-2.0 7 11 16 20
2.0 10
0.0 15 39 80 92
32.0 75
-2.5 0 4 40
2.5 18 43 68 81 89 90 93
-41.0 62
-40.5 72
44.0 3
-47.5 44
-3.0 24 38 47 48 55 69 78
3.0 46 87 97
51.5 74
51.0 84
53.5 6
3.5 33 70 85
4.0 21 35 71 94
-4.0 83
68.0 49
-4.5 22 25 52 96
4.5 37 56 63 99
-5.0 76
-6.0 13 51
6.5 95
-7.0 1 65
-7.5 45
7.5 59
-0.5 2 23 28 30 58 91
0.5 32 42 61 64 73
-8.5 57
-9.0 60
-10.0 98
11.0 9
-12.0 8
13.0 86
-13.5 88
1.0 5 54
-17.5 27
19.0 31
-20.5 67
22.5 50
1.5 12 19 29 36
-1.5 14 17 34 53 79
-24.0 77
-26.5 26
-28.0 66
-28.5 82
-30.0 41
