0.0 2 15 34 39 73 80 81 96
2.0 12 35 54 90 94
-2.0 20 24 25 40 48 53
-2.5 0 7 11 38
2.5 36 97
3.0 10 18 32 43 68 89
-3.0 23 47
3.5 33 46 70
-3.5 55 78 83
-4.0 69
4.5 21 37 56 87 99
-4.5 22 52 58
-5.0 57 76 98
5.0 71
5.5 95
6.0 59
-6.5 1 16
-7.0 65
-7.5 51
7.5 93
-8.0 45
-9.0 13 60
10.0 9
13.5 86
-15.0 8
-16.0 88
-17.0 27
21.5 31
22.5 50
-24.0 67 82
-28.0 26
-28.5 77
-33.0 41
-32.0 66
32.5 75
-39.0 72
44.0 3
-44.5 62
-49.0 44
50.0 74
52.5 84
54.0 6
66.0 49
0.5 5 42 61 63
-0.5 30
-1.0 28 91 92
1.0 29 64 85
-1.5 4 14 17 79
1.5 19
